  Frame_#         RMSD         rGyr      intraHB        MolSA         SASA          PSA
        0        0.000        3.594            0      296.428      274.510      174.751
        1        0.336        3.626            0      296.169      303.939      176.114
        2        0.243        3.624            0      296.936      264.182      174.686
        3        0.234        3.617            0      297.897      307.817      171.805
        4        0.330        3.637            0      298.349      236.118      173.598
        5        0.330        3.666            0      297.696      273.213      177.399
        6        0.215        3.615            0      297.192      221.733      172.692
        7        0.164        3.623            0      295.540      209.527      172.423
        8        0.225        3.631            0      296.939      236.940      171.064
        9        0.248        3.631            0      296.426      285.368      170.886
       10        0.247        3.673            0      299.137      209.593      175.931
       11        0.244        3.658            0      296.517      181.309      174.179
       12        0.272        3.607            0      296.827      189.909      175.916
       13        0.267        3.611            0      296.727      171.186      175.134
       14        0.177        3.620            0      296.030      191.760      176.488
       15        0.325        3.657            0      297.236      175.644      174.275
       16        0.248        3.596            0      294.858      209.138      177.218
       17        0.287        3.677            0      299.980      202.263      175.857
       18        0.143        3.597            0      295.032      231.441      173.165
       19        0.280        3.645            0      297.207      159.949      174.020
       20        0.174        3.611            0      295.934      170.558      171.167
       21        0.168        3.623            0      296.460      175.711      173.368
       22        0.221        3.620            0      296.519      156.564      173.807
       23        0.265        3.627            0      296.841      236.494      171.968
       24        0.262        3.631            0      296.992      224.288      174.267
       25        0.252        3.628            0      297.339      248.048      172.534
       26        0.160        3.636            0      300.025      263.302      175.646
       27        0.194        3.571            0      295.815      239.947      174.338
       28        0.212        3.621            0      295.890      247.940      171.202
       29        0.175        3.595            0      297.184      261.451      173.669
       30        0.286        3.660            0      299.553      291.960      173.380
       31        0.252        3.600            0      296.763      252.386      171.071
       32        0.422        3.638            0      296.357      223.448      174.670
       33        0.306        3.652            0      296.771      296.073      177.886
       34        0.217        3.637            0      298.112      248.246      173.777
       35        0.443        3.668            0      297.862      242.882      174.890
       36        0.320        3.650            0      298.011      240.160      176.871
       37        0.286        3.652            0      297.782      209.046      176.358
       38        0.252        3.596            0      295.823      173.843      173.376
       39        0.286        3.620            0      296.048      174.155      172.429
       40        0.223        3.594            0      294.344      221.490      173.869
       41        0.249        3.584            0      294.030      239.956      174.989
       42        0.403        3.674            0      297.206      233.635      173.594
       43        0.308        3.615            0      297.263      238.015      172.628
       44        0.280        3.641            0      296.801      263.721      175.721
       45        0.258        3.628            0      295.758      273.238      168.701
       46        0.295        3.623            0      296.947      266.001      173.521
       47        0.393        3.661            0      296.381      274.785      171.866
       48        0.244        3.629            0      297.019      243.910      173.204
       49        0.318        3.619            0      296.238      345.625      175.947
       50        0.216        3.571            0      295.774      279.737      171.277
       51        0.284        3.642            0      297.329      258.934      170.609
       52        0.171        3.620            0      296.203      219.202      170.540
       53        0.224        3.629            0      297.529      216.739      173.035
       54        0.161        3.587            0      294.442      247.410      172.510
       55        0.245        3.627            0      295.490      204.116      173.544
       56        0.211        3.653            0      297.508      211.827      172.889
       57        0.152        3.586            0      295.284      210.271      173.646
       58        0.227        3.588            0      295.393      223.923      174.729
       59        0.252        3.670            0      298.143      228.162      173.410
       60        0.156        3.632            0      295.552      206.485      168.255
       61        0.292        3.651            0      296.761      289.269      169.620
       62        0.304        3.637            0      296.277      283.367      172.674
       63        0.328        3.672            0      297.448      330.618      175.335
       64        0.187        3.609            0      295.809      330.200      174.014
       65        0.216        3.613            0      296.211      288.352      173.531
       66        0.282        3.655            0      299.089      305.279      171.959
       67        0.258        3.627            0      294.858      322.917      170.861
       68        0.183        3.638            0      298.107      318.500      170.774
       69        0.364        3.628            0      296.481      315.350      171.133
       70        0.154        3.645            0      298.061      232.700      173.504
       71        0.270        3.624            0      295.970      205.739      172.958
       72        0.225        3.619            0      298.767      210.842      177.010
       73        0.266        3.632            0      297.794      219.891      172.580
       74        0.427        3.650            0      296.736      253.393      171.278
       75        0.162        3.593            0      294.582      230.760      170.457
       76        0.229        3.621            0      296.601      219.087      172.293
       77        0.383        3.657            0      298.425      191.914      176.014
       78        0.200        3.611            0      295.789      206.301      173.142
       79        0.158        3.581            0      293.581      220.200      171.015
       80        0.192        3.628            0      297.259      240.376      173.755
       81        0.192        3.637            0      296.745      251.963      173.596
       82        0.225        3.599            0      295.516      270.685      173.032
       83        0.272        3.632            0      298.454      160.113      172.455
       84        0.301        3.596            0      296.166      155.086      173.292
       85        0.261        3.634            0      295.966      143.468      171.144
       86        0.377        3.656            0      297.570      192.873      174.054
       87        0.145        3.597            0      296.484      200.433      174.326
       88        0.221        3.642            0      298.839      200.113      175.491
       89        0.297        3.657            0      299.398      216.323      174.116
       90        0.215        3.630            0      296.932      238.049      172.384
       91        0.324        3.637            0      298.025      219.091      176.048
       92        0.193        3.602            0      295.559      203.988      171.721
       93        0.204        3.616            0      297.675      238.101      171.777
       94        0.317        3.612            0      294.220      166.871      168.391
       95        0.262        3.617            0      296.903      203.359      175.340
       96        0.256        3.641            0      297.784      207.003      173.763
       97        0.234        3.610            0      298.320      201.233      174.194
       98        0.184        3.613            0      295.378      265.867      168.731
       99        0.271        3.662            0      297.530      212.917      172.323
      100        0.212        3.603            0      295.933      228.015      174.498
      101        0.136        3.604            0      295.224      253.781      171.573
      102        0.344        3.621            0      296.658      247.547      173.102
      103        0.346        3.624            0      294.683      231.249      174.666
      104        0.198        3.642            0      297.862      233.411      176.602
      105        0.208        3.607            0      295.983      245.542      170.936
      106        0.175        3.600            0      294.046      304.243      167.875
      107        0.148        3.597            0      296.257      328.443      168.656
      108        0.242        3.625            0      296.108      272.087      173.483
      109        0.253        3.634            0      296.573      262.592      171.423
      110        0.433        3.615            0      294.461      227.846      173.431
      111        0.244        3.617            0      295.845      242.963      173.500
      112        0.231        3.631            0      296.565      255.322      172.719
      113        0.196        3.627            0      296.029      196.791      170.704
      114        0.227        3.611            0      297.326      213.038      169.706
      115        0.260        3.615            0      295.763      248.318      173.488
      116        0.207        3.585            0      294.934      207.501      170.159
      117        0.195        3.591            0      296.166      206.155      173.231
      118        0.175        3.605            0      295.656      204.570      175.663
      119        0.212        3.622            0      296.328      205.141      173.459
      120        0.206        3.608            0      294.739      237.494      172.203
      121        0.354        3.655            0      298.736      220.606      173.835
      122        0.247        3.623            0      296.404      218.112      176.369
      123        0.150        3.621            0      296.192      232.407      170.880
      124        0.247        3.598            0      298.318      207.119      171.500
      125        0.289        3.660            0      298.933      160.492      170.195
      126        0.222        3.605            0      295.629      238.104      175.307
      127        0.294        3.600            0      294.830      276.421      174.937
      128        0.184        3.615            0      295.659      204.102      169.284
      129        0.250        3.613            0      295.112      176.692      172.554
      130        0.216        3.631            0      297.578      221.272      174.117
      131        0.383        3.670            0      299.578      216.055      172.846
      132        0.270        3.641            0      296.579      244.770      175.110
      133        0.220        3.612            0      295.160      226.382      172.560
      134        0.255        3.620            0      296.099      237.142      174.891
      135        0.285        3.605            0      296.294      267.270      174.329
      136        0.332        3.649            0      296.909      295.005      173.513
      137        0.184        3.649            0      296.929      267.239      171.659
      138        0.224        3.644            0      297.878      248.742      174.138
      139        0.142        3.618            0      296.108      234.902      175.021
      140        0.184        3.609            0      296.751      255.157      174.010
      141        0.180        3.619            0      296.667      247.915      171.554
      142        0.325        3.669            0      298.574      234.547      173.439
      143        0.187        3.632            0      297.451      271.356      171.983
      144        0.276        3.637            0      297.234      264.093      176.219
      145        0.269        3.608            0      297.015      272.920      174.358
      146        0.271        3.690            0      301.181      275.820      176.061
      147        0.211        3.614            0      297.484      258.559      172.727
      148        0.178        3.584            0      294.456      222.920      173.225
      149        0.134        3.585            0      294.705      254.216      170.932
      150        0.209        3.584            0      294.650      246.503      170.040
      151        0.257        3.645            0      296.987      263.017      173.939
      152        0.147        3.579            0      293.849      251.269      170.808
      153        0.148        3.592            0      295.448      247.189      172.250
      154        0.236        3.600            0      295.631      237.830      172.031
      155        0.257        3.631            0      295.703      218.752      173.231
      156        0.226        3.611            0      295.869      249.001      174.162
      157        0.249        3.631            0      296.312      230.784      172.876
      158        0.271        3.649            0      298.100      243.700      174.085
      159        0.239        3.605            0      295.541      225.104      172.123
      160        0.247        3.640            0      298.505      233.266      175.824
      161        0.380        3.663            0      299.138      247.886      177.007
      162        0.267        3.641            0      296.417      224.508      176.066
      163        0.145        3.621            0      297.188      239.490      171.904
      164        0.263        3.652            0      297.724      252.438      174.637
      165        0.210        3.604            0      296.904      259.081      173.411
      166        0.200        3.625            0      297.853      240.897      175.153
      167        0.285        3.644            0      297.876      232.245      172.389
      168        0.259        3.628            0      295.659      246.836      170.648
      169        0.186        3.643            0      298.923      232.726      175.743
      170        0.239        3.621            0      296.705      246.184      170.507
      171        0.203        3.630            0      297.212      242.347      172.890
      172        0.205        3.603            0      296.221      245.701      175.208
      173        0.239        3.621            0      296.314      228.146      171.048
      174        0.215        3.586            0      294.793      237.731      168.421
      175        0.205        3.644            0      297.568      248.030      173.057
      176        0.181        3.635            0      297.739      267.330      169.572
      177        0.221        3.584            0      294.463      259.074      171.693
      178        0.158        3.620            0      296.361      206.348      171.458
      179        0.328        3.620            0      295.046      234.684      171.615
      180        0.211        3.646            0      297.411      251.565      171.925
      181        0.250        3.600            0      295.284      229.160      170.989
      182        0.221        3.597            0      296.047      226.255      176.441
      183        0.223        3.629            0      296.295      241.695      172.966
      184        0.231        3.609            0      295.100      239.954      166.720
      185        0.208        3.582            0      294.288      247.817      171.385
      186        0.184        3.592            0      296.365      251.035      169.229
      187        0.235        3.640            0      296.481      281.662      173.850
      188        0.254        3.625            0      296.741      257.930      173.940
      189        0.298        3.671            0      299.415      262.763      175.084
      190        0.256        3.666            0      298.789      248.195      173.455
      191        0.239        3.648            0      297.611      258.246      177.866
      192        0.385        3.664            0      298.860      262.008      173.750
      193        0.169        3.624            0      295.564      243.493      173.461
      194        0.230        3.598            0      296.225      259.658      172.595
      195        0.237        3.612            0      296.524      221.629      174.367
      196        0.237        3.656            0      297.415      240.220      172.094
      197        0.235        3.614            0      296.877      269.038      175.382
      198        0.280        3.636            0      297.845      236.026      174.522
      199        0.242        3.625            0      296.675      262.954      174.359
      200        0.173        3.607            0      296.339      251.920      171.029
      201        0.190        3.625            0      296.652      255.928      168.055
      202        0.217        3.594            0      294.463      225.700      171.427
      203        0.286        3.665            0      299.111      245.271      174.545
      204        0.321        3.671            0      299.078      238.138      172.804
      205        0.240        3.619            0      297.373      231.389      173.981
      206        0.256        3.649            0      297.719      239.816      172.431
      207        0.193        3.603            0      294.719      227.013      176.074
      208        0.315        3.593            0      295.734      253.274      178.531
      209        0.146        3.628            0      297.809      247.106      170.076
      210        0.337        3.679            0      297.401      241.238      175.508
      211        0.211        3.670            0      297.293      244.098      169.821
      212        0.190        3.662            0      297.985      239.970      169.002
      213        0.132        3.602            0      296.435      243.392      173.182
      214        0.209        3.626            0      295.670      284.158      172.732
      215        0.222        3.635            0      296.672      245.290      171.830
      216        0.210        3.596            0      295.126      245.317      170.163
      217        0.366        3.649            0      297.244      228.344      173.661
      218        0.449        3.692            0      297.993      237.996      175.808
      219        0.251        3.628            0      297.453      236.282      172.655
      220        0.215        3.628            0      296.920      242.073      174.379
      221        0.245        3.630            0      297.315      217.892      173.843
      222        0.204        3.578            0      293.367      177.778      172.347
      223        0.252        3.645            0      297.925      229.788      172.506
      224        0.359        3.637            0      297.272      223.543      174.919
      225        0.305        3.631            0      295.596      232.589      173.057
      226        0.332        3.627            0      297.317      237.863      177.561
      227        0.280        3.636            0      296.453      225.482      176.325
      228        0.265        3.607            0      295.629      244.902      170.402
      229        0.213        3.615            0      295.270      222.386      175.007
      230        0.321        3.675            0      298.414      251.059      174.007
      231        0.253        3.643            0      296.986      273.884      172.645
      232        0.217        3.599            0      295.469      201.921      173.216
      233        0.266        3.654            0      296.501      238.926      172.299
      234        0.172        3.602            0      295.457      165.480      171.633
      235        0.290        3.585            0      294.622      175.553      171.892
      236        0.162        3.622            0      298.172      182.366      174.970
      237        0.371        3.668            0      297.560      173.343      167.905
      238        0.376        3.608            0      296.453      154.765      174.444
      239        0.315        3.602            0      294.661      132.285      174.192
      240        0.176        3.619            0      296.019      114.851      173.481
      241        0.219        3.581            0      293.535      111.308      166.918
      242        0.214        3.600            0      296.122      115.970      176.375
      243        0.278        3.624            0      294.927      126.810      172.448
      244        0.300        3.612            0      296.424      144.675      171.263
      245        0.272        3.647            0      297.512      116.496      173.015
      246        0.285        3.661            0      296.874      122.820      174.738
      247        0.220        3.613            0      295.798      107.287      173.441
      248        0.265        3.635            0      296.793      131.565      175.502
      249        0.308        3.621            0      295.919      129.644      175.883
      250        0.186        3.602            0      294.663      144.692      169.640
      251        0.267        3.649            0      298.162      160.912      176.283
      252        0.326        3.622            0      295.503      147.489      175.758
      253        0.300        3.649            0      298.349      116.515      170.572
      254        0.220        3.638            0      297.046      125.884      176.114
      255        0.319        3.651            0      298.036      152.640      174.372
      256        0.179        3.633            0      296.379      134.038      172.152
      257        0.376        3.672            0      298.303      124.067      173.211
      258        0.234        3.618            0      296.738      142.608      173.767
      259        0.293        3.627            0      295.645      117.834      171.982
      260        0.204        3.627            0      296.597      135.741      171.581
      261        0.278        3.666            0      298.859      117.119      176.506
      262        0.269        3.613            0      295.516      130.098      176.979
      263        0.320        3.611            0      295.038      183.478      172.691
      264        0.286        3.658            0      297.665      161.768      177.187
      265        0.261        3.616            0      296.499      170.681      174.577
      266        0.225        3.632            0      296.320      159.190      175.975
      267        0.199        3.610            0      296.529      156.001      171.652
      268        0.270        3.637            0      295.943      168.599      173.921
      269        0.155        3.618            0      296.153      156.103      168.017
      270        0.325        3.619            0      296.771      156.752      175.823
      271        0.171        3.630            0      297.189      189.585      173.062
      272        0.197        3.616            0      295.263      148.696      168.001
      273        0.195        3.617            0      297.418      156.922      172.859
      274        0.275        3.631            0      296.468      147.594      170.989
      275        0.204        3.629            0      296.870      154.034      174.515
      276        0.235        3.621            0      294.800      152.809      172.014
      277        0.212        3.620            0      296.675      176.046      173.275
      278        0.285        3.618            0      296.153      150.572      172.913
      279        0.197        3.611            0      296.465      158.175      170.060
      280        0.279        3.603            0      295.198      146.079      173.409
      281        0.203        3.638            0      296.884      136.768      171.835
      282        0.391        3.646            0      297.697      175.918      174.417
      283        0.286        3.620            0      295.577      156.578      176.508
      284        0.247        3.626            0      296.063      156.318      171.952
      285        0.135        3.584            0      296.683      140.956      173.643
      286        0.215        3.587            0      294.745      186.388      172.245
      287        0.242        3.607            0      294.301      186.714      170.062
      288        0.219        3.618            0      297.446      145.727      174.219
      289        0.480        3.650            0      299.281      145.060      175.574
      290        0.230        3.656            0      297.738      130.735      173.118
      291        0.287        3.644            0      296.955      138.936      173.143
      292        0.267        3.640            0      297.887      116.161      172.809
      293        0.246        3.599            0      293.921      141.508      169.779
      294        0.256        3.636            0      296.108      130.895      171.683
      295        0.228        3.614            0      297.303      143.801      176.955
      296        0.142        3.621            0      297.083      151.083      171.195
      297        0.217        3.636            0      297.070      129.999      174.034
      298        0.267        3.641            0      295.149      133.913      172.215
      299        0.300        3.671            0      298.314      107.004      174.859
      300        0.264        3.624            0      295.148      135.391      174.028
      301        0.357        3.635            0      297.921      140.688      178.232
      302        0.291        3.636            0      296.456      128.149      174.604
      303        0.329        3.627            0      296.793      133.291      177.207
      304        0.226        3.589            0      295.781      146.212      172.794
      305        0.245        3.616            0      295.320      111.204      169.980
      306        0.300        3.657            0      297.719      142.755      174.943
      307        0.211        3.612            0      296.387      136.696      171.515
      308        0.259        3.638            0      297.676      170.067      173.865
      309        0.292        3.653            0      298.143      134.552      175.790
      310        0.308        3.605            0      295.910      170.614      168.481
      311        0.252        3.612            0      296.672      152.050      173.565
      312        0.263        3.618            0      296.904      189.200      172.561
      313        0.244        3.586            0      294.256      145.337      170.713
      314        0.286        3.626            0      296.189      144.607      173.786
      315        0.327        3.648            0      298.238      137.184      173.816
      316        0.300        3.635            0      296.316      125.264      171.717
      317        0.432        3.642            0      296.958      120.717      170.678
      318        0.367        3.629            0      295.825      108.997      175.547
      319        0.341        3.656            0      298.319      101.727      176.107
      320        0.285        3.642            0      297.183      108.743      171.429
      321        0.385        3.644            0      298.481      164.689      175.021
      322        0.357        3.591            0      295.639      153.556      172.835
      323        0.330        3.624            0      296.384      145.019      172.260
      324        0.375        3.648            0      297.549       98.462      172.725
      325        0.335        3.654            0      298.176      111.261      177.436
      326        0.380        3.648            0      297.545      109.265      176.221
      327        0.293        3.634            0      297.063      107.699      173.010
      328        0.269        3.609            0      297.077      100.370      175.520
      329        0.198        3.625            0      296.937      124.950      172.440
      330        0.360        3.618            0      296.257      112.377      175.053
      331        0.208        3.584            0      295.040      119.891      172.641
      332        0.233        3.605            0      293.865      108.094      169.361
      333        0.148        3.593            0      294.186       91.319      172.918
      334        0.348        3.610            0      295.513       89.884      171.152
      335        0.339        3.646            0      297.708       94.529      174.691
      336        0.234        3.605            0      296.072       97.004      175.937
      337        0.277        3.616            0      296.563       66.608      174.350
      338        0.242        3.579            0      292.925       78.603      171.466
      339        0.308        3.628            0      297.338      102.470      174.110
      340        0.340        3.669            0      298.303       88.423      175.998
      341        0.292        3.616            0      297.575      102.860      176.061
      342        0.242        3.626            0      295.777      109.940      170.267
      343        0.275        3.621            0      296.839      102.403      175.145
      344        0.395        3.599            0      296.143      111.517      172.929
      345        0.272        3.645            0      296.264       97.164      170.851
      346        0.308        3.624            0      297.816       92.924      174.535
      347        0.335        3.630            0      298.003      136.134      174.270
      348        0.239        3.566            0      294.319      126.695      174.218
      349        0.232        3.625            0      297.051      107.528      173.623
      350        0.287        3.611            0      295.803      108.836      177.419
      351        0.280        3.645            0      297.980      116.601      171.102
      352        0.266        3.665            0      298.801       96.385      177.784
      353        0.323        3.608            0      295.486       86.361      173.803
      354        0.190        3.603            0      297.224      128.699      175.560
      355        0.196        3.601            0      296.119      112.121      176.608
      356        0.288        3.622            0      298.158       87.231      174.626
      357        0.252        3.615            0      296.632      107.607      171.428
      358        0.210        3.594            0      294.662      102.905      173.404
      359        0.256        3.609            0      295.317       85.447      175.298
      360        0.331        3.634            0      296.533      107.087      171.755
      361        0.298        3.658            0      297.620      116.211      171.200
      362        0.382        3.654            0      299.498      118.546      175.184
      363        0.220        3.662            0      298.674       96.616      172.850
      364        0.240        3.655            0      298.311       73.647      173.628
      365        0.233        3.654            0      297.730      104.294      174.625
      366        0.194        3.613            0      297.069      160.346      175.596
      367        0.288        3.630            0      297.970      136.513      172.340
      368        0.265        3.593            0      294.147       95.625      169.939
      369        0.218        3.623            0      296.862      101.713      175.665
      370        0.279        3.665            0      298.665      100.031      175.291
      371        0.266        3.613            0      298.127       98.249      175.685
      372        0.256        3.622            0      297.640       99.322      175.279
      373        0.232        3.636            0      296.807       92.494      172.485
      374        0.302        3.661            0      299.758      106.849      176.147
      375        0.221        3.614            0      295.043       93.921      171.924
      376        0.223        3.622            0      297.280       95.638      174.189
      377        0.240        3.594            0      294.546      114.881      174.614
      378        0.302        3.621            0      297.193      133.483      175.278
      379        0.187        3.608            0      294.977      108.790      175.085
      380        0.240        3.616            0      296.245      112.683      176.277
      381        0.261        3.624            0      296.579       90.758      172.582
      382        0.179        3.602            0      296.339      130.369      176.159
      383        0.299        3.608            0      296.819      106.359      174.303
      384        0.349        3.667            0      297.425       96.961      176.327
      385        0.287        3.619            0      296.511      101.878      174.547
      386        0.331        3.583            0      293.850       90.444      171.001
      387        0.340        3.651            0      299.918       94.088      175.147
      388        0.212        3.614            0      295.588      115.952      178.949
      389        0.319        3.641            0      298.876       95.220      175.100
      390        0.287        3.645            0      296.375       79.312      171.021
      391        0.243        3.621            0      296.288       62.272      171.053
      392        0.302        3.622            0      295.953       73.343      173.818
      393        0.277        3.675            0      300.673       73.640      176.140
      394        0.368        3.629            0      296.030       85.383      175.590
      395        0.404        3.640            0      295.620       85.215      169.373
      396        0.311        3.622            0      295.901       68.207      174.653
      397        0.224        3.620            0      295.763       75.891      174.551
      398        0.256        3.577            0      294.521       69.312      173.027
      399        0.332        3.656            0      298.794       62.580      174.933
      400        0.338        3.654            0      297.068       82.396      172.037
      401        0.296        3.636            0      295.880       65.637      174.652
      402        0.187        3.618            0      296.113       68.157      171.524
      403        0.267        3.609            0      296.226      111.918      175.998
      404        0.364        3.634            0      298.532       93.426      178.039
      405        0.248        3.627            0      295.964       78.669      171.817
      406        0.253        3.614            0      295.634      121.024      175.554
      407        0.254        3.632            0      296.678      113.978      172.686
      408        0.278        3.635            0      297.152      131.366      175.770
      409        0.249        3.616            0      296.727      111.360      172.872
      410        0.365        3.623            0      297.611       85.392      174.261
      411        0.189        3.613            0      296.239       98.331      171.984
      412        0.272        3.623            0      295.621      105.185      173.423
      413        0.251        3.604            0      297.198       90.032      175.249
      414        0.221        3.589            0      294.735      109.759      171.373
      415        0.259        3.650            0      297.789      134.821      172.506
      416        0.295        3.662            0      298.029      154.657      176.810
      417        0.221        3.629            0      297.006      124.522      175.414
      418        0.256        3.613            0      297.263      101.260      177.635
      419        0.185        3.654            0      296.796      104.340      171.990
      420        0.290        3.650            0      297.245      143.010      171.799
      421        0.273        3.639            0      297.997      108.125      177.988
      422        0.251        3.609            0      296.162      134.031      172.472
      423        0.206        3.613            0      297.234      105.352      172.973
      424        0.374        3.691            0      300.115      110.539      175.139
      425        0.270        3.604            0      295.765      114.039      173.813
      426        0.227        3.610            0      296.808      117.382      176.298
      427        0.299        3.648            0      297.504      106.217      173.223
      428        0.206        3.565            0      293.943       94.352      172.976
      429        0.225        3.604            0      295.840      112.673      173.278
      430        0.194        3.630            0      296.813      101.702      171.600
      431        0.251        3.620            0      296.958       98.425      174.315
      432        0.252        3.632            0      297.450      114.372      177.707
      433        0.247        3.596            0      295.443      113.649      171.728
      434        0.242        3.627            0      296.866      120.761      172.926
      435        0.329        3.665            0      299.106      109.578      175.050
      436        0.295        3.590            0      295.167       93.412      175.151
      437        0.323        3.633            0      296.630      103.813      176.173
      438        0.389        3.621            0      296.085       97.976      175.149
      439        0.290        3.648            0      298.347      119.494      176.835
      440        0.289        3.641            0      298.562      122.511      178.697
      441        0.228        3.602            0      297.392       91.774      176.970
      442        0.254        3.639            0      297.467       86.020      172.408
      443        0.336        3.625            0      297.095      108.752      177.547
      444        0.344        3.635            0      297.381       98.352      173.868
      445        0.261        3.636            0      297.388       92.722      172.440
      446        0.246        3.571            0      295.392      112.341      175.838
      447        0.350        3.605            0      295.861      107.342      175.309
      448        0.285        3.625            0      295.529       88.658      173.052
      449        0.325        3.634            0      296.698       87.099      172.237
      450        0.266        3.622            0      297.168      103.063      175.904
      451        0.244        3.604            0      294.943       89.475      170.875
      452        0.248        3.624            0      298.117      109.785      171.536
      453        0.294        3.603            0      295.777       87.537      177.238
      454        0.194        3.605            0      295.120       94.508      169.643
      455        0.251        3.628            0      297.058       81.630      170.885
      456        0.186        3.612            0      295.960       94.979      175.944
      457        0.289        3.629            0      297.121      111.560      175.522
      458        0.238        3.588            0      295.177      109.735      176.932
      459        0.349        3.623            0      295.242      107.402      173.473
      460        0.291        3.613            0      295.286       83.810      175.225
      461        0.212        3.587            0      295.499       88.446      172.656
      462        0.291        3.642            0      298.115       95.172      177.671
      463        0.328        3.663            0      298.382      106.202      176.952
      464        0.289        3.634            0      295.571       94.141      175.292
      465        0.283        3.611            0      295.085       97.924      171.919
      466        0.361        3.550            0      293.267       80.224      174.026
      467        0.276        3.637            0      298.154       92.188      172.456
      468        0.256        3.617            0      296.539       74.257      173.730
      469        0.326        3.648            0      298.044       84.024      175.347
      470        0.238        3.636            0      297.818       62.056      175.851
      471        0.191        3.599            0      295.228       87.299      167.739
      472        0.311        3.643            0      296.026       78.112      172.320
      473        0.262        3.654            0      298.597       83.263      175.826
      474        0.297        3.613            0      294.637       71.158      172.172
      475        0.287        3.625            0      296.934       92.815      172.396
      476        0.289        3.624            0      296.355       82.276      172.247
      477        0.228        3.631            0      297.431       91.732      174.536
      478        0.344        3.631            0      297.819       58.858      177.748
      479        0.347        3.661            0      298.568       87.151      175.651
      480        0.331        3.618            0      296.081       64.617      178.023
      481        0.290        3.602            0      294.833       77.165      173.938
      482        0.301        3.625            0      297.872       91.503      174.064
      483        0.246        3.555            0      293.596       77.361      173.733
      484        0.337        3.641            0      298.360       81.420      176.328
      485        0.217        3.585            0      295.177       83.773      175.965
      486        0.319        3.597            0      295.277       94.107      170.210
      487        0.238        3.639            0      297.053       93.225      174.734
      488        0.279        3.619            0      296.731      107.393      174.433
      489        0.224        3.611            0      295.890       89.719      173.222
      490        0.306        3.611            0      296.123       86.526      173.574
      491        0.223        3.645            0      298.176       96.656      174.735
      492        0.295        3.635            0      296.158      107.920      169.987
      493        0.236        3.593            0      293.417       82.376      172.696
      494        0.302        3.626            0      297.366      102.077      174.507
      495        0.203        3.630            0      297.190      111.158      175.729
      496        0.289        3.624            0      296.749      102.152      173.877
      497        0.257        3.581            0      292.934       71.063      174.312
      498        0.360        3.629            0      295.537       71.667      175.941
      499        0.169        3.624            0      297.492       82.878      174.408
      500        0.353        3.608            0      295.922       83.340      173.618
      501        0.362        3.647            0      297.013       77.071      174.423
      502        0.250        3.617            0      296.135       87.267      174.720
      503        0.326        3.577            0      295.363       93.900      174.325
      504        0.254        3.586            0      294.369       85.891      172.940
      505        0.321        3.652            0      295.970       81.043      172.440
      506        0.204        3.617            0      296.907       88.348      173.525
      507        0.278        3.644            0      298.114       70.418      169.457
      508        0.250        3.621            0      298.019       95.766      176.608
      509        0.214        3.646            0      299.172       87.388      177.104
      510        0.156        3.608            0      297.186       94.429      175.953
      511        0.227        3.639            0      297.047       80.331      172.976
      512        0.300        3.631            0      296.221       84.677      173.432
      513        0.241        3.611            0      296.503       79.566      175.590
      514        0.338        3.655            0      298.701       87.660      178.008
      515        0.318        3.624            0      297.130       75.740      174.951
      516        0.236        3.671            0      300.162       76.794      176.666
      517        0.310        3.630            0      297.541       96.305      175.984
      518        0.294        3.640            0      297.964       86.543      178.149
      519        0.284        3.597            0      294.768       72.278      175.290
      520        0.361        3.653            0      296.631       61.336      175.567
      521        0.198        3.591            0      295.401       93.481      171.373
      522        0.359        3.641            0      298.590      101.234      179.376
      523        0.240        3.601            0      295.459       78.635      171.967
      524        0.249        3.588            0      295.911       96.424      176.727
      525        0.180        3.640            0      298.614       91.638      174.810
      526        0.213        3.641            0      298.414       67.670      176.537
      527        0.332        3.617            0      296.208       71.702      177.527
      528        0.313        3.570            0      293.854       87.328      174.482
      529        0.270        3.657            0      298.384       76.728      176.808
      530        0.248        3.597            0      295.294       76.667      172.463
      531        0.328        3.604            0      296.000       97.850      176.057
      532        0.209        3.595            0      295.686       99.113      176.856
      533        0.319        3.648            0      296.696       88.143      173.425
      534        0.242        3.626            0      296.004       72.525      170.562
      535        0.380        3.620            0      295.961       99.317      173.706
      536        0.226        3.608            0      297.193       92.812      174.979
      537        0.284        3.609            0      297.214       86.099      174.467
      538        0.339        3.608            0      296.457       88.827      178.844
      539        0.277        3.633            0      298.116       94.103      174.713
      540        0.398        3.624            0      294.819       81.829      175.377
      541        0.340        3.676            0      298.373       92.504      174.302
      542        0.274        3.608            0      295.081       63.238      177.087
      543        0.275        3.603            0      293.873       67.034      170.005
      544        0.262        3.610            0      295.783       86.312      171.183
      545        0.353        3.671            0      298.399      102.526      178.016
      546        0.326        3.625            0      297.304       88.808      176.259
      547        0.234        3.618            0      297.365      100.288      173.509
      548        0.373        3.623            0      296.787       97.791      173.356
      549        0.207        3.599            0      296.059       89.965      172.398
      550        0.311        3.652            0      297.713       91.531      177.795
      551        0.175        3.640            0      296.427      101.495      176.464
      552        0.284        3.651            0      297.714       92.778      173.977
      553        0.174        3.593            0      295.871       83.172      173.258
      554        0.273        3.612            0      296.050       76.873      174.431
      555        0.255        3.632            0      298.295       68.290      175.618
      556        0.239        3.616            0      296.297       85.130      174.940
      557        0.302        3.619            0      295.988       74.316      171.546
      558        0.215        3.635            0      297.917       74.848      176.703
      559        0.209        3.612            0      295.514       84.347      175.970
      560        0.253        3.599            0      293.581       83.078      170.622
      561        0.378        3.622            0      294.814       98.039      173.242
      562        0.171        3.616            0      297.437       98.639      172.379
      563        0.350        3.638            0      297.689       85.884      175.958
      564        0.314        3.637            0      297.286       77.484      175.118
      565        0.261        3.596            0      295.794       94.593      175.413
      566        0.189        3.629            0      296.345       63.707      175.718
      567        0.230        3.609            0      296.985       91.277      174.848
      568        0.237        3.597            0      296.025      101.909      171.214
      569        0.295        3.595            0      295.413       83.783      172.920
      570        0.360        3.631            0      297.432       81.658      176.351
      571        0.320        3.644            0      297.469       84.448      174.218
      572        0.264        3.633            0      297.981       78.734      179.035
      573        0.333        3.632            0      296.098       79.160      173.852
      574        0.255        3.597            0      295.002       89.003      175.230
      575        0.261        3.651            0      298.275       72.877      173.386
      576        0.412        3.611            0      297.604       77.025      173.982
      577        0.266        3.634            0      296.928      109.137      173.896
      578        0.307        3.626            0      296.013       80.498      175.038
      579        0.254        3.639            0      297.109       98.513      175.102
      580        0.317        3.628            0      296.765       90.766      173.300
      581        0.314        3.630            0      296.721       79.760      177.896
      582        0.233        3.620            0      295.566       84.281      173.470
      583        0.182        3.616            0      296.075       77.001      171.889
      584        0.239        3.589            0      294.378       73.022      169.708
      585        0.305        3.637            0      296.956       64.217      175.404
      586        0.311        3.607            0      296.821       86.127      171.635
      587        0.326        3.628            0      297.084       65.968      178.495
      588        0.323        3.659            0      297.875       60.087      173.794
      589        0.353        3.635            0      297.134       99.601      174.275
      590        0.336        3.658            0      298.548       77.058      176.996
      591        0.265        3.636            0      297.035       85.906      177.201
      592        0.281        3.642            0      296.221       88.692      175.086
      593        0.276        3.604            0      295.794       89.083      176.783
      594        0.196        3.584            0      295.804       84.110      170.649
      595        0.267        3.590            0      294.951       72.234      179.578
      596        0.225        3.595            0      294.184       76.589      171.116
      597        0.183        3.561            0      293.562       71.483      171.562
      598        0.272        3.659            0      298.363       83.016      173.756
      599        0.266        3.608            0      295.121       69.856      176.516
      600        0.339        3.678            0      298.858       75.453      173.980
      601        0.120        3.605            0      295.712       93.084      174.346
      602        0.260        3.622            0      296.432       76.700      173.445
      603        0.446        3.637            0      295.866       92.395      175.926
      604        0.328        3.623            0      295.438       71.747      173.256
      605        0.394        3.624            0      297.555       70.385      176.607
      606        0.376        3.665            0      297.160       83.862      174.889
      607        0.272        3.581            0      294.707       78.607      172.436
      608        0.318        3.611            0      295.853       78.434      176.697
      609        0.230        3.618            0      296.255       75.968      172.192
      610        0.291        3.607            0      295.406       83.434      174.393
      611        0.243        3.636            0      297.433       88.765      172.189
      612        0.347        3.631            0      296.587       82.050      172.671
      613        0.244        3.588            0      295.259       63.551      174.562
      614        0.311        3.622            0      295.711       61.885      173.289
      615        0.269        3.620            0      297.136       75.186      175.793
      616        0.282        3.609            0      296.530      103.297      170.890
      617        0.169        3.612            0      296.057       78.415      171.732
      618        0.202        3.607            0      296.110      104.570      175.106
      619        0.224        3.585            0      296.252       85.614      176.095
      620        0.227        3.632            0      296.777      107.730      169.532
      621        0.229        3.625            0      296.880       85.679      173.296
      622        0.315        3.644            0      297.331       92.143      172.772
      623        0.220        3.590            0      295.547      113.376      175.393
      624        0.284        3.637            0      298.268       91.888      176.236
      625        0.259        3.589            0      294.131      107.597      175.332
      626        0.239        3.622            0      295.667       97.169      173.500
      627        0.382        3.644            0      297.946       83.132      177.378
      628        0.300        3.619            0      295.582       81.334      171.497
      629        0.239        3.648            0      299.053       81.288      175.686
      630        0.406        3.585            0      293.887       63.750      174.218
      631        0.354        3.640            0      297.432       92.909      179.433
      632        0.282        3.636            0      297.273      101.477      173.218
      633        0.330        3.619            0      295.752       90.281      173.604
      634        0.234        3.594            0      296.511       58.871      173.764
      635        0.345        3.650            0      297.987       89.975      177.762
      636        0.243        3.576            0      296.792      103.552      174.926
      637        0.331        3.619            0      296.160      112.595      179.069
      638        0.266        3.614            0      295.444       90.901      172.339
      639        0.369        3.612            0      296.209       91.010      174.667
      640        0.311        3.605            0      296.121       79.727      175.381
      641        0.376        3.621            0      297.468       93.023      174.380
      642        0.297        3.628            0      294.829       99.179      170.708
      643        0.259        3.664            0      298.030       92.641      179.321
      644        0.218        3.596            0      295.972       68.394      174.385
      645        0.210        3.607            0      296.981       95.215      174.596
      646        0.197        3.598            0      296.810       94.905      174.602
      647        0.302        3.634            0      295.370      109.461      173.434
      648        0.231        3.618            0      295.323       91.867      177.007
      649        0.327        3.637            0      297.549      104.722      173.719
      650        0.227        3.638            0      297.091       79.730      177.893
      651        0.249        3.604            0      295.106       96.067      171.496
      652        0.308        3.618            0      296.544       75.716      172.664
      653        0.362        3.633            0      298.476      103.568      175.603
      654        0.235        3.604            0      294.964       88.069      174.214
      655        0.292        3.652            0      298.785       59.627      174.947
      656        0.199        3.590            0      293.771       76.643      175.094
      657        0.258        3.638            0      298.161       90.672      173.796
      658        0.255        3.628            0      296.433       82.808      175.152
      659        0.259        3.680            0      298.839       90.170      172.370
      660        0.262        3.604            0      296.527       84.231      172.673
      661        0.241        3.643            0      298.599       83.822      174.124
      662        0.342        3.623            0      296.463       91.966      174.950
      663        0.379        3.591            0      295.148       87.424      176.978
      664        0.227        3.623            0      296.257      107.150      172.749
      665        0.210        3.591            0      295.224      104.943      173.813
      666        0.301        3.620            0      295.081       93.069      171.396
      667        0.279        3.646            0      297.075       79.651      174.884
      668        0.169        3.579            0      295.264      119.591      177.402
      669        0.274        3.615            0      297.420       68.419      172.816
      670        0.253        3.663            0      298.982       72.926      175.316
      671        0.265        3.612            0      295.345       87.876      173.928
      672        0.274        3.614            0      297.672       77.479      178.604
      673        0.228        3.637            0      298.242       92.855      174.478
      674        0.216        3.591            0      295.932       92.461      173.553
      675        0.211        3.634            0      297.810       87.215      176.001
      676        0.162        3.602            0      296.268       92.293      169.794
      677        0.263        3.576            0      293.988       84.363      169.275
      678        0.192        3.603            0      295.056       93.772      171.957
      679        0.284        3.644            0      298.643       99.980      177.526
      680        0.315        3.653            0      298.957       81.582      178.021
      681        0.345        3.650            0      296.670      104.455      173.656
      682        0.307        3.617            0      294.919       95.540      168.035
      683        0.262        3.638            0      296.904       82.148      175.779
      684        0.281        3.649            0      298.955      112.228      177.553
      685        0.182        3.611            0      297.419       92.941      175.164
      686        0.175        3.612            0      296.459      110.298      173.478
      687        0.214        3.617            0      296.276      105.283      174.153
      688        0.291        3.633            0      296.759       99.009      173.309
      689        0.289        3.595            0      297.421      106.568      173.531
      690        0.219        3.628            0      296.011      106.435      172.337
      691        0.228        3.631            0      297.224       92.141      171.755
      692        0.294        3.631            0      298.080       96.361      172.065
      693        0.229        3.639            0      297.858      115.529      175.832
      694        0.210        3.600            0      295.113      114.798      173.721
      695        0.353        3.634            0      295.252      116.723      177.839
      696        0.189        3.602            0      294.273      120.479      168.919
      697        0.233        3.583            0      296.315      133.317      174.505
      698        0.298        3.646            0      297.233      112.429      175.319
      699        0.323        3.642            0      296.056      113.082      177.001
      700        0.239        3.627            0      295.951      111.973      174.304
      701        0.266        3.579            0      293.286      103.005      168.460
      702        0.270        3.602            0      294.590      103.830      174.000
      703        0.334        3.647            0      296.294      113.604      179.110
      704        0.285        3.639            0      297.887      129.089      168.322
      705        0.231        3.603            0      296.168      124.179      172.858
      706        0.352        3.612            0      295.940      119.649      176.180
      707        0.274        3.623            0      297.104      109.074      172.060
      708        0.221        3.625            0      295.775      101.632      174.240
      709        0.269        3.651            0      298.749      129.410      178.087
      710        0.249        3.617            0      296.368      148.427      173.894
      711        0.160        3.571            0      295.531      116.881      174.905
      712        0.209        3.643            0      298.211      121.134      177.401
      713        0.183        3.600            0      294.789      117.690      175.823
      714        0.228        3.623            0      296.186      125.993      177.419
      715        0.260        3.640            0      298.406      121.283      175.141
      716        0.168        3.607            0      294.975      111.898      172.596
      717        0.273        3.615            0      297.489      111.241      172.598
      718        0.305        3.635            0      296.214      120.913      173.308
      719        0.257        3.632            0      295.497      116.015      173.770
      720        0.166        3.613            0      296.076      100.065      174.087
      721        0.231        3.636            0      297.043      134.618      171.382
      722        0.249        3.634            0      298.270      127.234      173.231
      723        0.329        3.682            0      298.001      129.726      174.453
      724        0.137        3.605            0      295.411      116.887      174.065
      725        0.323        3.649            0      298.240      129.495      175.525
      726        0.117        3.603            0      295.942       99.317      172.009
      727        0.148        3.609            0      295.661      104.973      172.207
      728        0.323        3.639            0      297.949      111.010      173.995
      729        0.298        3.663            0      297.419      108.654      174.970
      730        0.499        3.694            0      299.444      132.884      174.275
      731        0.247        3.597            0      296.973      104.492      173.593
      732        0.186        3.630            0      296.942      134.520      174.288
      733        0.207        3.645            0      297.352      104.173      172.465
      734        0.353        3.632            0      296.583      103.333      173.282
      735        0.312        3.616            0      296.035      121.972      175.966
      736        0.366        3.678            0      298.742      108.908      177.367
      737        0.218        3.626            0      294.346       91.648      170.728
      738        0.299        3.619            0      297.575      102.025      175.772
      739        0.312        3.666            0      299.198      106.452      173.478
      740        0.288        3.640            0      298.267      106.951      176.221
      741        0.241        3.650            0      299.014       97.337      175.246
      742        0.360        3.632            0      296.415      102.013      172.634
      743        0.255        3.638            0      298.379      123.212      175.326
      744        0.135        3.597            0      294.235      124.796      169.864
      745        0.304        3.580            0      296.911       94.868      173.791
      746        0.315        3.667            0      297.868      107.772      176.467
      747        0.216        3.620            0      295.110      113.070      170.967
      748        0.257        3.608            0      294.388       89.436      171.298
      749        0.305        3.643            0      297.512      107.039      175.803
      750        0.303        3.631            0      296.584       92.970      171.231
      751        0.222        3.629            0      297.736      112.813      175.465
      752        0.311        3.617            0      296.449      120.447      170.884
      753        0.393        3.663            0      296.990      103.779      174.834
      754        0.304        3.637            0      294.841       99.738      176.517
      755        0.184        3.553            0      292.624       88.909      167.464
      756        0.261        3.608            0      296.912      106.450      174.978
      757        0.222        3.630            0      296.623       92.255      175.039
      758        0.205        3.628            0      296.390      108.917      172.738
      759        0.271        3.626            0      296.881       95.978      176.457
      760        0.309        3.619            0      294.991      133.153      172.097
      761        0.197        3.584            0      294.351      102.415      171.011
      762        0.189        3.626            0      297.440      102.468      169.776
      763        0.279        3.647            0      299.217       96.264      177.441
      764        0.220        3.600            0      295.295      103.322      172.178
      765        0.295        3.656            0      298.621      103.669      173.494
      766        0.470        3.623            0      295.428      100.382      175.249
      767        0.202        3.646            0      299.225      104.406      171.835
      768        0.356        3.654            0      297.595      100.441      180.896
      769        0.307        3.653            0      297.668       97.296      175.439
      770        0.185        3.626            0      297.190      106.447      173.649
      771        0.222        3.613            0      295.919       84.896      173.153
      772        0.178        3.623            0      298.205       87.229      173.774
      773        0.224        3.606            0      293.701       95.464      173.110
      774        0.333        3.640            0      297.860      115.208      175.438
      775        0.225        3.656            0      297.512      102.143      171.790
      776        0.242        3.635            0      296.016      110.926      176.761
      777        0.202        3.626            0      297.033       95.395      170.894
      778        0.247        3.618            0      296.604       90.249      177.536
      779        0.224        3.636            0      296.131      103.168      173.847
      780        0.284        3.685            0      299.581       93.538      174.914
      781        0.220        3.609            0      294.719      115.654      176.518
      782        0.305        3.626            0      296.380      120.152      176.250
      783        0.311        3.602            0      294.502       89.292      173.878
      784        0.317        3.677            0      298.984      123.076      173.979
      785        0.279        3.644            0      296.944      126.382      176.635
      786        0.190        3.626            0      295.908      113.374      169.998
      787        0.289        3.624            0      295.874      125.953      172.795
      788        0.182        3.594            0      295.161      122.057      173.965
      789        0.229        3.642            0      297.521      105.703      173.116
      790        0.341        3.644            0      296.719       98.578      172.589
      791        0.394        3.651            0      296.429      116.139      173.200
      792        0.297        3.639            0      296.999      110.285      177.710
      793        0.255        3.679            0      300.037      110.154      176.846
      794        0.267        3.643            0      297.602      125.734      171.558
      795        0.306        3.633            0      297.431      113.490      172.477
      796        0.269        3.655            0      297.559      111.493      172.853
      797        0.263        3.616            0      295.411      122.899      171.318
      798        0.319        3.670            0      298.781      134.517      175.597
      799        0.337        3.657            0      296.283      119.807      174.503
      800        0.346        3.638            0      296.144      131.818      175.850
      801        0.282        3.633            0      296.165      111.547      170.878
      802        0.287        3.686            0      298.074      119.892      170.630
      803        0.289        3.633            0      295.433      121.800      171.764
      804        0.332        3.663            0      297.399      127.880      173.785
      805        0.338        3.660            0      296.708      120.591      173.585
      806        0.292        3.648            0      296.162      129.617      170.935
      807        0.363        3.658            0      297.811      119.057      175.552
      808        0.286        3.644            0      296.899      135.408      174.631
      809        0.292        3.656            0      296.606      115.549      176.316
      810        0.281        3.665            0      296.699      118.487      174.428
      811        0.282        3.668            0      298.381      118.373      174.390
      812        0.200        3.603            0      295.463      138.579      172.169
      813        0.339        3.653            0      295.997      127.330      176.481
      814        0.416        3.645            0      296.577      148.050      179.240
      815        0.190        3.643            0      297.832      123.620      173.230
      816        0.443        3.681            0      298.287      130.930      177.189
      817        0.258        3.648            0      297.421      130.737      174.825
      818        0.295        3.655            0      298.871      153.374      173.021
      819        0.323        3.647            0      298.580      127.607      177.373
      820        0.251        3.622            0      296.117      136.499      172.783
      821        0.254        3.650            0      298.366      144.935      174.935
      822        0.245        3.631            0      295.518      100.218      173.298
      823        0.276        3.648            0      296.802      132.819      174.869
      824        0.205        3.581            0      293.827      133.716      170.532
      825        0.229        3.639            0      297.778      116.733      174.395
      826        0.309        3.622            0      296.038      115.543      175.373
      827        0.314        3.660            0      298.726      106.337      174.460
      828        0.356        3.648            0      294.969      128.409      169.816
      829        0.200        3.628            0      296.705      149.274      172.945
      830        0.252        3.683            0      300.778      138.527      175.685
      831        0.266        3.671            0      296.720      142.227      170.796
      832        0.300        3.682            0      299.910      146.671      173.258
      833        0.200        3.633            0      298.231      152.720      173.565
      834        0.212        3.652            0      296.584      133.573      174.066
      835        0.341        3.677            0      298.478      137.601      173.578
      836        0.336        3.638            0      296.682      135.018      173.893
      837        0.153        3.590            0      296.634      124.587      172.272
      838        0.212        3.657            0      299.878      133.800      177.622
      839        0.272        3.596            0      294.972      151.413      174.340
      840        0.364        3.678            0      297.993      102.851      169.120
      841        0.173        3.629            0      296.281      133.887      174.770
      842        0.243        3.630            0      297.686      121.102      180.378
      843        0.315        3.657            0      298.713      135.543      174.209
      844        0.282        3.618            0      295.984      171.343      173.897
      845        0.287        3.656            0      297.683      157.890      173.993
      846        0.306        3.629            0      296.352      170.151      171.689
      847        0.287        3.645            0      296.013      161.113      171.645
      848        0.249        3.614            0      295.481      124.225      171.328
      849        0.318        3.627            0      297.939      122.596      178.590
      850        0.228        3.604            0      296.707      126.247      172.849
      851        0.195        3.624            0      297.879      124.035      171.787
      852        0.316        3.670            0      298.909      162.686      173.749
      853        0.238        3.623            0      295.397      138.089      174.275
      854        0.232        3.628            0      297.086      124.052      176.465
      855        0.199        3.623            0      296.557      135.076      173.834
      856        0.243        3.629            0      296.521      110.048      174.080
      857        0.261        3.595            0      294.840      139.766      174.865
      858        0.234        3.618            0      295.754      142.528      176.611
      859        0.299        3.646            0      297.683      148.928      173.551
      860        0.303        3.631            0      298.590      133.851      172.335
      861        0.223        3.583            0      297.240      116.265      174.906
      862        0.130        3.575            0      293.431      121.295      170.781
      863        0.182        3.618            0      297.682      159.039      170.983
      864        0.218        3.621            0      296.201      152.645      174.984
      865        0.347        3.654            0      298.037      163.691      173.651
      866        0.215        3.609            0      296.170      147.440      172.363
      867        0.281        3.646            0      297.126      126.121      178.114
      868        0.230        3.588            0      295.124      157.564      174.149
      869        0.135        3.595            0      296.064      142.684      171.687
      870        0.233        3.610            0      294.443      143.487      172.270
      871        0.228        3.607            0      295.629      155.339      169.631
      872        0.254        3.602            0      296.488      134.617      178.583
      873        0.218        3.584            0      294.410      159.236      173.968
      874        0.239        3.645            0      297.191      149.268      174.760
      875        0.202        3.610            0      295.489      130.359      174.839
      876        0.377        3.677            0      298.428      161.623      176.471
      877        0.294        3.619            0      296.866      134.159      172.956
      878        0.415        3.653            0      297.272      148.359      173.966
      879        0.403        3.657            0      296.563      109.364      173.375
      880        0.180        3.620            0      296.153      102.602      173.116
      881        0.220        3.610            0      295.633      124.460      173.050
      882        0.336        3.638            0      298.391      147.234      172.735
      883        0.345        3.619            0      296.268      160.023      174.196
      884        0.257        3.645            0      297.636      128.322      175.621
      885        0.332        3.635            0      296.673      157.312      173.536
      886        0.238        3.612            0      294.930      129.364      173.667
      887        0.364        3.675            0      298.720      160.293      176.905
      888        0.207        3.589            0      295.546      143.799      170.110
      889        0.288        3.625            0      296.193      154.772      171.008
      890        0.217        3.646            0      297.976      164.037      175.513
      891        0.269        3.600            0      294.378      155.702      175.767
      892        0.242        3.610            0      294.806      154.988      176.374
      893        0.321        3.637            0      297.421      129.553      177.245
      894        0.202        3.588            0      294.914       98.953      171.880
      895        0.278        3.619            0      296.464      133.434      176.165
      896        0.396        3.627            0      296.007      131.767      170.178
      897        0.272        3.655            0      297.255      116.886      172.684
      898        0.269        3.640            0      297.052      100.545      170.026
      899        0.337        3.627            0      296.898      140.892      173.499
      900        0.337        3.651            0      296.988      129.772      168.647
      901        0.302        3.675            0      298.892      125.059      174.930
      902        0.170        3.557            0      293.622      151.784      171.388
      903        0.232        3.637            0      297.126      148.228      170.544
      904        0.243        3.629            0      296.470      131.689      173.618
      905        0.311        3.612            0      294.146      133.201      170.655
      906        0.353        3.646            0      298.100      154.607      176.337
      907        0.220        3.622            0      294.465      137.437      169.106
      908        0.296        3.644            0      297.115      175.317      177.635
      909        0.262        3.631            0      298.044      185.446      174.828
      910        0.183        3.638            0      297.177      162.724      172.146
      911        0.241        3.607            0      295.660      169.027      173.424
      912        0.259        3.623            0      296.278      156.904      173.085
      913        0.267        3.662            0      298.134      161.250      176.190
      914        0.279        3.615            0      296.186      149.178      176.520
      915        0.207        3.656            0      298.167      144.043      173.697
      916        0.316        3.652            0      296.165      155.485      172.886
      917        0.286        3.601            0      294.922      153.348      174.034
      918        0.209        3.582            0      294.731      167.387      173.426
      919        0.171        3.600            0      295.201      138.285      175.514
      920        0.317        3.617            0      295.556      123.363      173.206
      921        0.259        3.641            0      297.636      165.506      177.030
      922        0.172        3.585            0      295.466      136.107      173.104
      923        0.205        3.644            0      296.736      127.090      171.453
      924        0.438        3.677            0      298.876      168.660      177.062
      925        0.224        3.616            0      295.401      144.191      171.986
      926        0.182        3.603            0      295.591      166.990      175.272
      927        0.279        3.654            0      298.671      175.230      175.618
      928        0.201        3.630            0      297.268      164.460      173.132
      929        0.159        3.642            0      298.035      153.361      175.648
      930        0.258        3.623            0      295.284      149.402      171.965
      931        0.210        3.623            0      295.806      147.178      174.083
      932        0.404        3.639            0      294.408      157.847      171.582
      933        0.197        3.591            0      294.231      180.149      174.797
      934        0.229        3.564            0      292.878      141.244      167.107
      935        0.239        3.589            0      293.452      142.844      170.812
      936        0.213        3.609            0      294.756      187.455      176.217
      937        0.209        3.629            0      295.192      143.872      170.932
      938        0.178        3.610            0      296.137      168.216      175.536
      939        0.282        3.657            0      298.240      166.511      172.461
      940        0.184        3.632            0      297.600      162.597      175.104
      941        0.272        3.623            0      296.395      194.515      172.112
      942        0.173        3.607            0      295.164      152.623      171.069
      943        0.263        3.659            0      297.824      146.727      171.487
      944        0.231        3.623            0      297.326      144.448      170.921
      945        0.188        3.607            0      295.953      113.342      174.005
      946        0.193        3.668            0      298.754      127.854      177.185
      947        0.304        3.640            0      295.048      159.159      172.844
      948        0.243        3.632            0      297.414      141.926      170.478
      949        0.225        3.621            0      297.503      138.873      173.969
      950        0.171        3.598            0      297.431      140.716      175.790
      951        0.280        3.621            0      296.284      117.931      175.547
      952        0.209        3.636            0      297.219      100.652      173.457
      953        0.150        3.619            0      296.432      104.679      170.357
      954        0.151        3.593            0      294.731      120.300      173.095
      955        0.358        3.655            0      296.989      152.435      174.075
      956        0.152        3.626            0      296.263      121.227      174.198
      957        0.293        3.611            0      296.428      124.045      174.456
      958        0.325        3.646            0      296.992      149.579      174.361
      959        0.278        3.624            0      295.333      147.421      174.461
      960        0.200        3.602            0      295.950      154.973      171.833
      961        0.180        3.577            0      294.072      142.476      169.137
      962        0.196        3.603            0      295.801      149.216      170.623
      963        0.322        3.636            0      294.660      149.932      170.870
      964        0.185        3.648            0      298.135      169.582      174.784
      965        0.338        3.668            0      298.789      133.588      175.926
      966        0.257        3.634            0      296.139      131.868      172.713
      967        0.289        3.619            0      295.114      135.518      170.137
      968        0.204        3.606            0      296.348      150.886      176.852
      969        0.253        3.622            0      295.393      163.382      171.758
      970        0.346        3.603            0      296.277      166.591      179.121
      971        0.218        3.591            0      295.632      127.032      173.933
      972        0.219        3.594            0      295.449      114.177      170.425
      973        0.169        3.562            0      293.339      124.331      173.320
      974        0.335        3.689            0      299.342      141.834      177.502
      975        0.271        3.664            0      298.014      142.324      175.345
      976        0.256        3.631            0      296.028       99.738      174.397
      977        0.288        3.624            0      295.382      154.651      170.120
      978        0.286        3.601            0      295.443      127.502      174.264
      979        0.207        3.594            0      296.735      155.004      172.205
      980        0.225        3.654            0      298.495      156.938      172.732
      981        0.250        3.620            0      296.674      136.792      172.061
      982        0.234        3.605            0      296.236      152.360      173.543
      983        0.233        3.594            0      295.946      123.378      171.939
      984        0.275        3.613            0      297.624      141.369      176.702
      985        0.260        3.622            0      296.964      125.986      173.880
      986        0.188        3.632            0      297.740      115.537      177.574
      987        0.227        3.630            0      294.616      157.003      170.515
      988        0.221        3.630            0      296.557      159.059      173.178
      989        0.302        3.606            0      294.841      131.272      172.093
      990        0.221        3.630            0      297.826      177.548      174.858
      991        0.204        3.618            0      296.317      146.789      175.367
      992        0.266        3.637            0      295.556      171.959      169.385
      993        0.232        3.638            0      297.599      186.240      172.352
      994        0.242        3.638            0      296.955      159.972      174.926
      995        0.183        3.623            0      294.484      167.555      172.894
      996        0.226        3.616            0      296.724      134.055      172.314
      997        0.276        3.676            0      299.932      142.939      181.643
      998        0.173        3.616            0      296.243      156.538      169.743
      999        0.258        3.623            0      296.692      132.316      173.527
     1000        0.331        3.617            0      296.773      124.643      177.383
