  Frame #         RMSD         rGyr      intraHB        MolSA         SASA          PSA
        0        0.000        3.456            0      307.794      272.986      162.221
        1        0.182        3.446            0      305.356      274.458      159.148
        2        0.145        3.464            0      305.888      322.012      159.119
        3        0.196        3.470            0      305.565      276.875      158.486
        4        0.213        3.456            0      306.794      291.566      161.424
        5        0.243        3.473            0      307.876      278.141      160.444
        6        0.161        3.463            0      307.013      309.199      164.798
        7        0.255        3.434            0      303.922      276.469      155.017
        8        0.154        3.464            0      306.671      360.782      159.967
        9        0.174        3.478            0      308.893      338.054      161.793
       10        0.311        3.474            0      306.558      318.147      161.306
       11        0.235        3.448            0      306.445      279.414      162.805
       12        0.220        3.499            0      308.246      341.582      166.507
       13        0.166        3.447            0      306.534      319.243      162.230
       14        0.237        3.465            0      305.275      287.107      157.551
       15        0.233        3.484            0      307.302      331.578      160.326
       16        0.218        3.481            0      306.350      320.996      161.574
       17        0.191        3.468            0      307.394      273.094      164.292
       18        0.179        3.509            0      309.331      276.701      160.475
       19        0.229        3.463            0      306.468      209.251      163.067
       20        0.274        3.502            0      306.738      253.537      158.166
       21        0.354        3.410            0      301.683      200.880      162.340
       22        0.294        3.454            0      305.424      236.913      158.032
       23        0.271        3.434            0      305.040      241.225      157.942
       24        0.250        3.422            0      303.598      264.456      160.056
       25        0.228        3.467            0      304.681      229.384      155.652
       26        0.221        3.464            0      306.538      208.032      159.729
       27        0.308        3.428            0      303.559      189.265      161.188
       28        0.249        3.440            0      306.264      162.426      157.815
       29        0.184        3.475            0      307.018      168.049      165.321
       30        0.174        3.442            0      305.301      172.893      158.598
       31        0.165        3.443            0      306.266      146.449      167.035
       32        0.344        3.514            0      306.026      174.366      158.187
       33        0.183        3.473            0      306.114      160.516      160.520
       34        0.222        3.451            0      305.556      134.702      161.400
       35        0.171        3.465            0      307.584      206.886      162.006
       36        0.264        3.430            0      304.226      183.834      163.599
       37        0.200        3.474            0      307.225      187.445      160.316
       38        0.154        3.431            0      304.560      197.634      161.349
       39        0.205        3.452            0      305.975      206.524      163.987
       40        0.146        3.473            0      306.011      160.090      161.519
       41        0.228        3.452            0      306.842      138.542      165.384
       42        0.222        3.466            0      306.502      173.803      158.817
       43        0.233        3.506            0      307.583      143.868      160.222
       44        0.206        3.445            0      306.121      159.896      162.272
       45        0.211        3.451            0      304.375      152.435      155.377
       46        0.157        3.457            0      303.950      147.727      161.213
       47        0.250        3.456            0      304.238      123.539      160.245
       48        0.186        3.473            0      306.424      164.836      159.109
       49        0.179        3.461            0      306.099      148.280      161.794
       50        0.282        3.397            0      302.906      127.896      162.035
       51        0.135        3.472            0      308.412      128.404      162.751
       52        0.189        3.454            0      303.970      174.958      160.358
       53        0.246        3.525            0      307.936      196.968      163.424
       54        0.198        3.461            0      305.643      174.730      158.788
       55        0.160        3.473            0      304.818      180.568      164.559
       56        0.169        3.457            0      304.193      134.356      160.907
       57        0.178        3.460            0      306.505      197.256      159.679
       58        0.210        3.444            0      307.221      149.631      164.796
       59        0.193        3.471            0      305.811      138.030      160.152
       60        0.215        3.496            0      309.057      148.412      157.536
       61        0.339        3.501            0      306.977      185.351      159.388
       62        0.293        3.462            0      305.613      192.231      158.345
       63        0.351        3.519            0      308.802      189.790      157.740
       64        0.282        3.445            0      303.600      169.142      159.727
       65        0.315        3.491            0      305.216      140.295      158.162
       66        0.194        3.444            0      305.719      186.216      164.117
       67        0.218        3.420            0      305.540      160.843      160.192
       68        0.160        3.510            0      309.094      141.345      161.357
       69        0.205        3.484            0      307.788      163.915      163.375
       70        0.142        3.472            0      306.418      157.235      164.845
       71        0.200        3.453            0      305.765      107.924      160.848
       72        0.330        3.432            0      303.806      122.179      164.028
       73        0.249        3.421            0      305.326      141.881      161.549
       74        0.240        3.448            0      304.482      138.496      162.561
       75        0.159        3.444            0      306.791      167.456      164.255
       76        0.188        3.451            0      303.669      103.334      158.674
       77        0.201        3.433            0      303.247      109.328      164.988
       78        0.221        3.411            0      304.282       77.097      163.992
       79        0.151        3.454            0      305.378       98.811      162.849
       80        0.290        3.528            0      309.098      122.380      158.583
       81        0.190        3.469            0      305.386      140.989      160.490
       82        0.287        3.394            0      304.426      221.272      164.589
       83        0.235        3.457            0      307.030      207.452      158.920
       84        0.188        3.435            0      304.528      216.549      164.148
       85        0.252        3.459            0      304.752      189.859      160.942
       86        0.220        3.390            0      301.632      211.653      159.948
       87        0.210        3.435            0      306.454      186.088      160.378
       88        0.253        3.460            0      307.776      198.981      161.660
       89        0.324        3.405            0      303.720      219.928      161.892
       90        0.314        3.400            0      304.674      194.811      162.951
       91        0.252        3.428            0      304.735      206.485      164.875
       92        0.180        3.434            0      303.793      205.608      159.507
       93        0.262        3.399            0      303.171      238.063      163.136
       94        0.165        3.466            0      307.767      233.894      163.100
       95        0.211        3.458            0      307.841      169.387      160.525
       96        0.351        3.352            0      300.031      190.719      163.690
       97        0.219        3.460            0      306.697      158.584      163.399
       98        0.297        3.413            0      304.527      165.248      160.702
       99        0.194        3.453            0      306.369      166.356      165.945
      100        0.232        3.446            0      304.085      126.538      159.255
      101        0.266        3.461            0      307.692      172.652      161.893
      102        0.236        3.488            0      307.031      199.872      160.913
      103        0.164        3.459            0      305.469      184.351      158.428
      104        0.177        3.481            0      307.707      196.238      158.749
      105        0.228        3.472            0      307.592      154.794      165.923
      106        0.167        3.438            0      305.021      202.967      162.500
      107        0.174        3.488            0      308.634      150.527      160.194
      108        0.308        3.490            0      307.258      185.932      158.589
      109        0.165        3.482            0      307.124      198.823      159.571
      110        0.232        3.464            0      306.167      173.019      159.797
      111        0.197        3.438            0      305.154      196.808      161.857
      112        0.203        3.478            0      309.807      133.424      160.368
      113        0.256        3.455            0      307.116      139.908      163.270
      114        0.159        3.464            0      307.276      110.036      164.871
      115        0.240        3.419            0      303.930      122.286      160.173
      116        0.267        3.452            0      306.176      148.309      163.420
      117        0.220        3.480            0      306.171      134.609      161.732
      118        0.287        3.430            0      303.753      118.164      161.797
      119        0.248        3.489            0      309.713      167.979      162.369
      120        0.244        3.451            0      304.954      120.001      159.010
      121        0.218        3.432            0      305.156      168.159      160.199
      122        0.272        3.449            0      306.348      192.130      160.615
      123        0.193        3.437            0      305.118      229.492      162.243
      124        0.255        3.416            0      305.201      197.571      163.434
      125        0.248        3.439            0      304.116      198.789      156.411
      126        0.190        3.498            0      308.850      187.347      161.702
      127        0.309        3.429            0      304.786      185.652      159.873
      128        0.230        3.464            0      306.374      212.710      160.755
      129        0.228        3.507            0      307.460      135.713      160.029
      130        0.264        3.447            0      304.481      156.709      158.688
      131        0.120        3.459            0      306.249      135.241      162.797
      132        0.241        3.451            0      305.134      172.617      159.935
      133        0.237        3.493            0      308.386      202.465      162.299
      134        0.249        3.505            0      307.035      208.662      162.137
      135        0.296        3.389            0      302.457      225.090      161.437
      136        0.323        3.511            0      307.756      198.616      158.631
      137        0.259        3.465            0      305.356      185.173      161.845
      138        0.275        3.459            0      304.934      161.696      160.232
      139        0.200        3.472            0      307.346      150.504      159.153
      140        0.225        3.453            0      305.364      152.375      164.087
      141        0.260        3.444            0      304.172      213.098      158.513
      142        0.230        3.462            0      306.696      210.352      161.733
      143        0.179        3.480            0      306.832      224.322      162.315
      144        0.143        3.432            0      304.618      234.049      165.840
      145        0.272        3.435            0      305.294      219.973      163.877
      146        0.222        3.470            0      307.144      215.196      160.040
      147        0.200        3.451            0      304.718      231.439      162.447
      148        0.301        3.450            0      304.240      190.585      162.841
      149        0.268        3.497            0      309.649      215.155      160.391
      150        0.331        3.487            0      308.158      228.441      158.269
      151        0.304        3.477            0      307.339      195.359      160.770
      152        0.196        3.467            0      306.639      235.756      161.425
      153        0.209        3.474            0      307.337      237.122      163.779
      154        0.301        3.419            0      305.950      224.625      163.760
      155        0.283        3.465            0      305.426      230.976      158.412
      156        0.235        3.471            0      305.830      219.626      160.096
      157        0.271        3.436            0      306.625      246.043      158.941
      158        0.265        3.431            0      304.025      207.048      160.321
      159        0.302        3.439            0      303.428      205.710      167.157
      160        0.173        3.449            0      305.217      238.753      162.980
      161        0.211        3.461            0      305.964      233.376      163.734
      162        0.346        3.388            0      303.195      246.667      162.724
      163        0.228        3.479            0      306.238      225.276      157.179
      164        0.164        3.412            0      303.419      200.989      162.310
      165        0.209        3.472            0      308.432      230.958      167.924
      166        0.215        3.450            0      307.150      205.440      164.388
      167        0.295        3.519            0      308.321      203.445      157.735
      168        0.281        3.451            0      306.763      205.232      163.589
      169        0.237        3.464            0      306.961      198.924      161.262
      170        0.283        3.483            0      304.335      151.391      161.552
      171        0.229        3.479            0      307.430      178.914      157.810
      172        0.253        3.448            0      306.246      182.088      161.033
      173        0.300        3.442            0      305.709      174.019      163.060
      174        0.250        3.502            0      307.159      167.573      160.152
      175        0.358        3.469            0      305.375      138.822      160.412
      176        0.213        3.455            0      305.110      193.306      160.834
      177        0.370        3.457            0      306.138      216.646      160.634
      178        0.187        3.451            0      307.008      175.754      165.277
      179        0.347        3.511            0      307.372      167.009      159.814
      180        0.245        3.445            0      305.363      158.875      166.537
      181        0.322        3.494            0      308.842      198.712      158.015
      182        0.401        3.410            0      302.699      174.170      163.242
      183        0.356        3.454            0      306.637      179.031      161.099
      184        0.169        3.458            0      307.430      139.336      164.121
      185        0.275        3.495            0      308.562      194.791      162.081
      186        0.245        3.438            0      305.095      194.883      159.382
      187        0.209        3.405            0      302.835      186.989      161.817
      188        0.192        3.470            0      305.672      203.812      163.529
      189        0.234        3.451            0      304.265      185.863      161.565
      190        0.258        3.467            0      305.595      212.897      157.368
      191        0.306        3.422            0      302.533      194.163      158.136
      192        0.237        3.463            0      306.037      214.696      159.921
      193        0.321        3.444            0      305.094      196.702      159.201
      194        0.240        3.437            0      304.256      198.610      157.698
      195        0.207        3.450            0      305.467      171.665      160.463
      196        0.219        3.462            0      305.979      153.056      158.736
      197        0.192        3.481            0      308.051      185.065      164.647
      198        0.228        3.473            0      307.113      182.103      159.786
      199        0.207        3.484            0      307.421      209.085      160.852
      200        0.260        3.477            0      307.036      224.136      157.118
      201        0.200        3.425            0      305.788      246.854      161.900
      202        0.157        3.444            0      305.437      214.768      164.699
      203        0.256        3.439            0      304.130      233.164      160.641
      204        0.233        3.496            0      306.750      225.181      159.660
      205        0.150        3.466            0      306.845      219.774      163.988
      206        0.296        3.496            0      306.430      224.338      156.972
      207        0.288        3.460            0      304.726      195.042      158.370
      208        0.281        3.439            0      304.019      179.953      158.017
      209        0.263        3.455            0      305.662      205.551      160.958
      210        0.150        3.445            0      306.214      221.205      160.442
      211        0.226        3.480            0      308.360      231.997      158.232
      212        0.286        3.401            0      302.166      217.694      161.319
      213        0.219        3.415            0      305.276      212.138      166.275
      214        0.218        3.456            0      307.716      211.823      157.345
      215        0.144        3.473            0      308.354      236.809      164.159
      216        0.322        3.467            0      306.423      193.768      157.090
      217        0.292        3.461            0      304.746      187.828      161.298
      218        0.240        3.436            0      302.769      201.932      159.582
      219        0.199        3.474            0      306.187      214.466      160.156
      220        0.293        3.449            0      305.636      220.747      159.490
      221        0.284        3.500            0      307.002      243.967      160.569
      222        0.180        3.429            0      304.576      206.943      161.708
      223        0.282        3.494            0      305.245      254.294      158.160
      224        0.301        3.514            0      308.383      218.370      158.770
      225        0.258        3.438            0      305.614      213.136      163.520
      226        0.191        3.445            0      305.860      197.360      164.035
      227        0.227        3.473            0      306.625      184.648      161.746
      228        0.265        3.474            0      308.084      199.916      160.255
      229        0.228        3.482            0      307.853      191.100      158.264
      230        0.221        3.432            0      304.266      250.198      163.235
      231        0.384        3.475            0      305.252      215.658      154.613
      232        0.251        3.446            0      305.156      224.212      156.441
      233        0.268        3.413            0      304.974      253.568      159.672
      234        0.222        3.476            0      306.239      292.414      165.991
      235        0.404        3.396            0      303.215      219.605      162.287
      236        0.204        3.461            0      306.511      243.462      162.276
      237        0.235        3.445            0      305.646      236.211      160.804
      238        0.288        3.436            0      303.136      197.511      160.985
      239        0.183        3.476            0      307.900      213.764      160.514
      240        0.262        3.472            0      308.873      187.377      159.930
      241        0.228        3.467            0      308.141      190.031      167.006
      242        0.176        3.435            0      305.621      209.981      159.811
      243        0.295        3.498            0      307.665      193.343      164.301
      244        0.317        3.507            0      306.708      191.121      159.051
      245        0.268        3.489            0      306.271      168.649      161.407
      246        0.226        3.484            0      306.561      128.572      162.876
      247        0.321        3.421            0      304.013      143.211      159.592
      248        0.391        3.520            0      306.974      154.778      156.285
      249        0.220        3.460            0      306.603      169.685      161.901
      250        0.348        3.501            0      305.178      139.542      152.547
      251        0.202        3.454            0      304.701      163.751      157.303
      252        0.289        3.466            0      306.901      161.338      162.491
      253        0.300        3.466            0      306.699      179.681      157.941
      254        0.245        3.442            0      305.952      143.282      157.279
      255        0.247        3.449            0      306.853      172.333      166.863
      256        0.238        3.442            0      306.267      128.873      162.366
      257        0.218        3.401            0      302.232      157.519      163.854
      258        0.270        3.457            0      306.674      145.704      162.110
      259        0.302        3.460            0      303.534      141.316      158.803
      260        0.253        3.460            0      304.919      196.769      158.953
      261        0.231        3.435            0      304.403      138.916      154.724
      262        0.259        3.484            0      306.332      169.946      164.079
      263        0.233        3.487            0      308.975      161.046      160.158
      264        0.269        3.469            0      304.049      184.190      156.493
      265        0.271        3.466            0      306.818      124.407      161.349
      266        0.232        3.484            0      306.223      183.469      164.762
      267        0.200        3.433            0      304.470      146.530      160.632
      268        0.239        3.471            0      307.158      138.294      162.181
      269        0.217        3.436            0      303.866      162.217      163.021
      270        0.251        3.460            0      305.409      141.316      162.241
      271        0.290        3.411            0      302.842      132.469      155.455
      272        0.249        3.472            0      306.779      189.270      161.183
      273        0.374        3.492            0      304.738      169.069      158.197
      274        0.324        3.488            0      304.544      138.895      157.148
      275        0.238        3.442            0      306.086      180.894      159.773
      276        0.262        3.482            0      306.071      171.728      159.886
      277        0.200        3.449            0      306.618      172.905      159.345
      278        0.219        3.476            0      307.192      181.220      161.657
      279        0.296        3.440            0      306.067      162.944      158.523
      280        0.289        3.492            0      306.806      156.754      161.069
      281        0.313        3.450            0      303.479      161.771      160.149
      282        0.197        3.446            0      305.219      167.867      162.601
      283        0.258        3.481            0      305.827      165.734      158.013
      284        0.189        3.448            0      305.015      169.755      162.416
      285        0.321        3.455            0      306.459      174.055      162.475
      286        0.307        3.488            0      305.321      176.676      160.403
      287        0.183        3.429            0      304.777      197.715      161.464
      288        0.272        3.471            0      305.944      172.937      162.298
      289        0.320        3.527            0      309.358      195.940      160.618
      290        0.255        3.452            0      307.701      179.311      161.596
      291        0.189        3.463            0      305.695      215.529      162.103
      292        0.221        3.479            0      308.068      239.783      161.507
      293        0.292        3.460            0      304.312      215.312      159.202
      294        0.245        3.451            0      304.254      246.353      158.596
      295        0.282        3.534            0      308.174      239.342      161.189
      296        0.313        3.426            0      302.396      273.411      159.808
      297        0.282        3.490            0      309.629      254.612      162.969
      298        0.256        3.483            0      307.097      224.989      164.321
      299        0.219        3.495            0      307.368      236.457      162.242
      300        0.286        3.443            0      305.208      223.686      165.194
      301        0.356        3.402            0      302.752      190.247      164.840
      302        0.227        3.452            0      305.704      210.525      158.598
      303        0.332        3.474            0      305.666      241.774      158.038
      304        0.250        3.456            0      306.317      214.452      158.825
      305        0.259        3.485            0      306.999      235.824      160.888
      306        0.261        3.442            0      304.826      234.595      160.682
      307        0.228        3.484            0      307.583      221.003      163.284
      308        0.235        3.490            0      308.568      229.625      160.998
      309        0.282        3.485            0      306.466      249.356      158.781
      310        0.258        3.468            0      306.168      246.821      157.600
      311        0.236        3.456            0      304.792      235.811      161.524
      312        0.174        3.455            0      304.816      200.938      160.989
      313        0.271        3.447            0      305.390      214.450      165.208
      314        0.237        3.465            0      306.877      282.844      161.454
      315        0.270        3.466            0      307.063      253.188      159.268
      316        0.197        3.461            0      306.211      241.254      160.997
      317        0.209        3.518            0      309.085      252.374      164.400
      318        0.231        3.476            0      304.457      257.378      158.380
      319        0.271        3.489            0      309.438      283.740      166.763
      320        0.255        3.466            0      307.288      243.000      160.609
      321        0.292        3.482            0      304.835      235.616      157.926
      322        0.245        3.470            0      307.371      240.941      161.318
      323        0.276        3.458            0      305.874      242.044      157.820
      324        0.222        3.489            0      305.689      244.409      161.326
      325        0.173        3.421            0      304.047      230.783      162.329
      326        0.241        3.485            0      306.444      227.204      159.887
      327        0.185        3.447            0      306.228      228.919      161.053
      328        0.137        3.505            0      310.764      233.901      162.443
      329        0.205        3.515            0      308.244      244.800      160.974
      330        0.174        3.491            0      307.125      229.231      159.152
      331        0.299        3.496            0      306.691      240.623      158.312
      332        0.248        3.490            0      306.165      247.785      161.399
      333        0.190        3.446            0      305.236      250.411      163.250
      334        0.167        3.416            0      303.513      221.249      158.504
      335        0.292        3.496            0      308.857      212.101      162.423
      336        0.250        3.431            0      304.114      243.365      162.763
      337        0.280        3.488            0      305.888      221.976      158.236
      338        0.249        3.439            0      303.407      239.787      156.646
      339        0.180        3.461            0      306.145      239.452      162.841
      340        0.215        3.477            0      306.601      246.938      162.006
      341        0.198        3.473            0      306.717      251.086      162.654
      342        0.260        3.466            0      304.329      236.708      160.052
      343        0.256        3.469            0      305.010      262.423      159.006
      344        0.218        3.501            0      308.026      260.569      160.439
      345        0.252        3.450            0      305.738      234.940      162.398
      346        0.261        3.478            0      305.541      282.511      160.118
      347        0.164        3.433            0      304.942      230.589      159.833
      348        0.232        3.437            0      304.447      237.202      158.889
      349        0.242        3.460            0      305.475      237.180      160.411
      350        0.272        3.478            0      307.139      255.486      158.976
      351        0.204        3.489            0      309.789      256.092      163.878
      352        0.221        3.517            0      308.569      243.365      161.606
      353        0.338        3.422            0      304.407      233.014      157.564
      354        0.315        3.470            0      305.384      226.242      158.550
      355        0.322        3.492            0      308.115      198.503      163.186
      356        0.251        3.455            0      305.587      212.848      154.910
      357        0.193        3.472            0      306.356      216.402      162.838
      358        0.233        3.435            0      304.522      214.435      162.509
      359        0.390        3.534            0      307.890      209.004      156.991
      360        0.293        3.507            0      306.472      209.595      157.833
      361        0.230        3.448            0      303.615      186.288      160.993
      362        0.212        3.463            0      306.455      225.553      163.767
      363        0.314        3.491            0      305.511      209.658      157.977
      364        0.238        3.470            0      306.641      210.680      162.219
      365        0.256        3.463            0      305.544      201.972      164.357
      366        0.272        3.495            0      306.527      214.653      160.937
      367        0.238        3.465            0      305.851      186.207      161.895
      368        0.265        3.462            0      306.291      237.245      161.467
      369        0.311        3.518            0      306.624      217.816      158.280
      370        0.279        3.490            0      307.208      223.519      159.113
      371        0.278        3.474            0      304.776      206.197      157.841
      372        0.156        3.431            0      303.750      175.069      160.431
      373        0.303        3.465            0      305.203      164.747      159.790
      374        0.168        3.434            0      304.805      181.779      160.939
      375        0.200        3.442            0      304.765      172.752      162.334
      376        0.278        3.538            0      309.226      157.054      161.489
      377        0.293        3.490            0      305.556      152.893      158.893
      378        0.353        3.450            0      305.157      141.527      160.845
      379        0.247        3.453            0      306.119      186.838      156.914
      380        0.186        3.471            0      305.567      187.052      162.007
      381        0.188        3.465            0      307.046      185.017      162.314
      382        0.271        3.521            0      308.245      167.117      158.535
      383        0.247        3.489            0      306.021      176.467      162.008
      384        0.175        3.474            0      307.424      141.987      162.597
      385        0.161        3.462            0      306.632      171.927      164.576
      386        0.221        3.474            0      306.100      163.691      162.172
      387        0.180        3.487            0      308.037      171.725      163.338
      388        0.246        3.467            0      307.211      177.840      162.701
      389        0.201        3.425            0      304.153      155.629      167.909
      390        0.204        3.471            0      305.168      134.666      158.221
      391        0.254        3.419            0      304.350      124.644      163.463
      392        0.173        3.449            0      304.583      183.483      162.458
      393        0.227        3.477            0      304.093      157.421      162.457
      394        0.366        3.407            0      304.094      154.486      165.587
      395        0.244        3.432            0      304.752      138.281      163.168
      396        0.288        3.437            0      305.643      142.230      162.026
      397        0.233        3.427            0      303.221      147.554      163.628
      398        0.201        3.452            0      304.995      184.213      160.952
      399        0.175        3.429            0      304.579      150.234      163.547
      400        0.246        3.455            0      306.289      160.077      158.216
      401        0.228        3.496            0      309.332      178.482      162.299
      402        0.252        3.480            0      306.734      142.687      161.433
      403        0.186        3.473            0      306.385      143.777      162.870
      404        0.261        3.474            0      304.319      137.470      159.699
      405        0.292        3.441            0      304.195      137.768      160.839
      406        0.189        3.445            0      305.996      142.039      164.217
      407        0.153        3.434            0      304.594      134.060      164.345
      408        0.180        3.425            0      305.711      103.223      162.368
      409        0.106        3.440            0      305.563      163.194      159.619
      410        0.187        3.490            0      306.324      148.605      160.494
      411        0.245        3.414            0      304.011      151.824      160.623
      412        0.182        3.487            0      305.783      159.788      159.033
      413        0.220        3.400            0      303.221      146.615      161.768
      414        0.190        3.448            0      304.872      193.301      162.776
      415        0.177        3.495            0      306.967      171.367      159.952
      416        0.191        3.488            0      306.895      143.686      160.570
      417        0.148        3.449            0      305.591      143.052      160.028
      418        0.213        3.447            0      306.586      175.435      161.264
      419        0.179        3.436            0      304.704      185.117      162.424
      420        0.228        3.458            0      306.789      148.348      161.616
      421        0.205        3.472            0      306.114      168.462      156.974
      422        0.307        3.367            0      301.739      163.437      159.915
      423        0.349        3.411            0      302.582      169.282      164.069
      424        0.217        3.438            0      305.094      151.953      161.120
      425        0.301        3.498            0      307.477      171.817      160.559
      426        0.271        3.436            0      305.759      147.606      163.138
      427        0.252        3.425            0      304.791      165.763      160.431
      428        0.213        3.408            0      305.454      146.658      166.152
      429        0.217        3.484            0      307.924      203.649      161.045
      430        0.216        3.439            0      306.104      262.764      164.217
      431        0.186        3.461            0      305.546      249.485      161.398
      432        0.215        3.445            0      307.966      247.374      163.767
      433        0.256        3.479            0      307.369      247.864      162.818
      434        0.217        3.465            0      307.406      255.638      163.811
      435        0.143        3.468            0      306.436      251.072      160.469
      436        0.166        3.442            0      304.972      256.844      162.435
      437        0.224        3.458            0      306.297      230.850      159.099
      438        0.227        3.452            0      306.148      242.223      158.617
      439        0.252        3.476            0      306.527      222.931      159.963
      440        0.255        3.440            0      303.988      194.848      155.590
      441        0.240        3.492            0      306.755      219.681      157.590
      442        0.169        3.449            0      304.868      172.411      162.206
      443        0.173        3.461            0      307.597      164.689      160.864
      444        0.271        3.474            0      306.392      139.769      158.870
      445        0.217        3.447            0      306.088      186.369      162.183
      446        0.195        3.488            0      306.235      152.859      162.140
      447        0.180        3.447            0      305.284      145.083      157.174
      448        0.207        3.506            0      306.627      164.115      161.445
      449        0.189        3.441            0      305.741      120.810      161.673
      450        0.240        3.437            0      304.908      110.647      158.598
      451        0.202        3.479            0      306.649      125.329      160.359
      452        0.201        3.484            0      307.856      162.236      162.399
      453        0.241        3.465            0      304.509      184.070      161.238
      454        0.196        3.493            0      307.170      149.244      161.059
      455        0.195        3.474            0      307.495      159.652      160.846
      456        0.237        3.432            0      305.282      129.424      160.247
      457        0.269        3.406            0      303.063      159.951      161.537
      458        0.218        3.411            0      303.455      143.937      163.167
      459        0.235        3.473            0      307.256      156.940      161.006
      460        0.207        3.466            0      306.700      231.514      160.354
      461        0.241        3.446            0      304.451      247.944      159.392
      462        0.234        3.483            0      306.204      175.882      157.480
      463        0.176        3.465            0      306.305      187.233      161.011
      464        0.309        3.406            0      305.994      149.517      165.029
      465        0.232        3.499            0      308.592      136.626      159.162
      466        0.240        3.445            0      306.774      145.631      163.647
      467        0.256        3.473            0      307.428      158.133      162.219
      468        0.206        3.516            0      309.579      146.573      161.744
      469        0.192        3.478            0      308.888      157.350      163.307
      470        0.252        3.502            0      309.151      133.819      161.337
      471        0.241        3.498            0      306.659      164.200      160.694
      472        0.210        3.460            0      305.783      208.777      156.378
      473        0.181        3.428            0      303.824      175.055      159.884
      474        0.289        3.443            0      306.653      143.136      160.788
      475        0.178        3.471            0      306.529      177.785      159.864
      476        0.137        3.447            0      304.907      196.695      162.107
      477        0.275        3.472            0      306.851      150.733      160.479
      478        0.304        3.398            0      301.738      181.623      158.590
      479        0.143        3.462            0      306.840      154.549      159.520
      480        0.284        3.438            0      305.269      154.995      161.401
      481        0.296        3.425            0      304.880      154.651      164.321
      482        0.181        3.479            0      306.681      175.779      160.399
      483        0.195        3.451            0      304.974      155.928      163.036
      484        0.169        3.470            0      305.293      165.428      161.279
      485        0.174        3.462            0      306.673      154.094      166.101
      486        0.224        3.472            0      308.192      187.003      163.941
      487        0.165        3.480            0      307.464      185.603      163.707
      488        0.186        3.453            0      305.021      263.652      158.122
      489        0.197        3.501            0      308.706      185.817      165.105
      490        0.277        3.458            0      306.115      251.585      161.693
      491        0.211        3.440            0      304.735      217.755      157.807
      492        0.251        3.467            0      306.270      243.155      160.846
      493        0.175        3.439            0      306.587      214.688      160.852
      494        0.187        3.453            0      306.724      220.216      159.958
      495        0.197        3.421            0      304.088      224.267      162.530
      496        0.182        3.441            0      305.827      205.491      159.713
      497        0.196        3.450            0      306.817      164.157      165.059
      498        0.138        3.454            0      305.992      158.137      164.406
      499        0.204        3.484            0      308.655      196.534      166.268
      500        0.373        3.431            0      304.171      133.724      163.861
      501        0.204        3.466            0      305.423      228.083      162.899
      502        0.175        3.464            0      306.532      196.160      163.577
      503        0.174        3.460            0      305.773      204.501      163.847
      504        0.273        3.489            0      306.971      189.224      160.813
      505        0.232        3.502            0      308.092      189.463      165.144
      506        0.234        3.459            0      305.218      165.168      163.346
      507        0.145        3.447            0      305.591      167.197      162.519
      508        0.246        3.434            0      305.426      193.405      158.687
      509        0.151        3.470            0      306.611      173.910      163.829
      510        0.206        3.466            0      304.579      188.279      157.051
      511        0.184        3.489            0      307.826      185.939      160.785
      512        0.222        3.485            0      306.262      202.860      162.261
      513        0.327        3.370            0      301.768      188.764      161.452
      514        0.256        3.483            0      308.715      207.195      160.407
      515        0.247        3.457            0      305.355      184.106      158.879
      516        0.236        3.479            0      306.784      181.876      159.908
      517        0.220        3.408            0      303.990      174.340      162.588
      518        0.221        3.480            0      308.059      185.591      162.740
      519        0.154        3.440            0      306.650      182.532      164.107
      520        0.187        3.452            0      306.494      214.265      164.971
      521        0.238        3.473            0      307.155      216.532      158.107
      522        0.305        3.451            0      306.151      210.254      163.373
      523        0.224        3.432            0      306.012      196.313      162.338
      524        0.153        3.464            0      308.191      225.004      164.832
      525        0.280        3.511            0      307.808      176.273      162.223
      526        0.231        3.449            0      303.405      154.721      163.567
      527        0.241        3.419            0      303.998      130.901      162.277
      528        0.182        3.428            0      304.568      163.517      164.464
      529        0.415        3.418            0      304.499      141.235      164.866
      530        0.257        3.481            0      307.519      170.830      159.008
      531        0.302        3.419            0      306.374      154.050      163.310
      532        0.350        3.482            0      308.903      111.784      164.305
      533        0.312        3.393            0      305.056      136.553      162.879
      534        0.302        3.423            0      303.938      102.235      162.016
      535        0.195        3.427            0      305.440      114.715      164.750
      536        0.154        3.496            0      308.757      137.247      161.007
      537        0.239        3.530            0      309.053      113.328      160.798
      538        0.209        3.396            0      301.610      133.349      158.911
      539        0.273        3.502            0      307.987      112.990      158.444
      540        0.164        3.488            0      306.664      131.228      161.579
      541        0.164        3.479            0      307.908      138.790      162.760
      542        0.254        3.462            0      306.925      117.781      163.640
      543        0.177        3.463            0      304.411      133.283      159.990
      544        0.203        3.453            0      306.355      128.304      162.385
      545        0.208        3.454            0      305.087      130.206      165.139
      546        0.245        3.522            0      308.990      114.348      159.038
      547        0.296        3.521            0      307.639      131.222      158.309
      548        0.193        3.490            0      306.960      131.880      161.560
      549        0.317        3.509            0      306.815      148.675      159.954
      550        0.224        3.399            0      302.278      153.106      161.587
      551        0.168        3.472            0      306.779      206.191      158.464
      552        0.342        3.503            0      306.204      161.028      159.103
      553        0.199        3.496            0      307.611      158.158      157.931
      554        0.192        3.457            0      307.409      147.439      160.379
      555        0.246        3.407            0      303.704      139.376      160.792
      556        0.290        3.478            0      303.816      140.403      154.082
      557        0.226        3.476            0      306.526      150.649      163.064
      558        0.257        3.425            0      303.948      136.399      164.539
      559        0.227        3.420            0      303.835      164.651      160.748
      560        0.207        3.467            0      306.558      131.072      159.200
      561        0.252        3.392            0      303.830      163.194      162.812
      562        0.203        3.441            0      305.238      170.037      163.442
      563        0.252        3.460            0      306.440      159.792      164.975
      564        0.224        3.415            0      305.464      154.202      165.869
      565        0.219        3.438            0      306.294      151.818      163.206
      566        0.210        3.433            0      306.381      139.339      163.180
      567        0.153        3.476            0      307.332      135.334      164.244
      568        0.296        3.438            0      305.655      180.749      161.125
      569        0.195        3.431            0      304.500      157.231      164.799
      570        0.256        3.468            0      306.983      158.100      164.586
      571        0.234        3.497            0      309.158      207.743      162.302
      572        0.302        3.505            0      306.941      153.966      157.743
      573        0.378        3.427            0      306.521      140.019      165.169
      574        0.166        3.456            0      303.965      167.995      161.708
      575        0.188        3.465            0      306.740      145.448      157.541
      576        0.143        3.506            0      310.748      148.692      161.181
      577        0.180        3.476            0      306.791      123.907      160.162
      578        0.220        3.404            0      301.768      170.176      159.463
      579        0.170        3.490            0      307.524      177.444      164.776
      580        0.163        3.471            0      306.260      159.980      159.455
      581        0.204        3.447            0      306.622      153.299      165.008
      582        0.194        3.434            0      306.739      184.438      162.200
      583        0.242        3.425            0      305.344      156.266      159.795
      584        0.200        3.451            0      305.984      169.848      159.298
      585        0.196        3.472            0      306.120      134.033      158.174
      586        0.231        3.414            0      304.832      159.518      163.604
      587        0.237        3.478            0      308.518      164.804      165.441
      588        0.207        3.480            0      307.876      123.361      162.503
      589        0.300        3.430            0      304.326      170.170      160.625
      590        0.301        3.469            0      306.563      165.587      161.405
      591        0.257        3.471            0      307.818      169.649      162.693
      592        0.257        3.462            0      308.208      160.865      164.299
      593        0.172        3.455            0      307.277      173.142      163.812
      594        0.211        3.448            0      306.580      179.369      167.839
      595        0.139        3.465            0      306.492      156.245      161.391
      596        0.274        3.414            0      306.256      182.188      164.242
      597        0.276        3.509            0      306.601      175.412      157.115
      598        0.275        3.430            0      306.398      171.056      164.568
      599        0.262        3.467            0      305.818      197.333      163.523
      600        0.318        3.446            0      306.148      166.221      162.242
      601        0.291        3.461            0      306.298      154.089      161.222
      602        0.174        3.482            0      307.607      166.514      163.981
      603        0.258        3.412            0      303.060      192.828      160.946
      604        0.220        3.472            0      307.742      172.199      159.497
      605        0.209        3.423            0      303.042      185.887      154.964
      606        0.169        3.474            0      308.075      167.977      160.386
      607        0.189        3.486            0      305.972      195.922      161.703
      608        0.325        3.506            0      307.492      166.885      155.498
      609        0.142        3.460            0      305.400      146.414      163.985
      610        0.264        3.419            0      304.438      151.493      164.361
      611        0.205        3.471            0      307.469      182.111      165.349
      612        0.246        3.411            0      304.393      162.584      161.853
      613        0.224        3.428            0      305.567      155.059      160.740
      614        0.218        3.430            0      303.963      130.801      164.525
      615        0.184        3.471            0      308.493      171.844      163.732
      616        0.221        3.475            0      305.968      142.649      159.083
      617        0.172        3.499            0      308.737      186.215      162.591
      618        0.166        3.439            0      304.325      177.470      161.687
      619        0.248        3.528            0      309.292      157.178      163.146
      620        0.138        3.466            0      307.675      147.691      164.951
      621        0.237        3.475            0      305.976      143.078      161.863
      622        0.259        3.462            0      306.062      141.986      162.608
      623        0.164        3.476            0      306.680      152.016      159.978
      624        0.187        3.495            0      309.928      145.036      162.615
      625        0.219        3.495            0      306.297      143.543      160.534
      626        0.204        3.492            0      308.655      130.192      158.203
      627        0.282        3.457            0      304.901      129.720      159.709
      628        0.286        3.484            0      305.804      133.632      160.304
      629        0.277        3.494            0      307.607      130.230      160.384
      630        0.207        3.442            0      305.268      124.740      161.823
      631        0.250        3.439            0      305.481      137.428      160.746
      632        0.194        3.434            0      305.058      129.431      158.456
      633        0.261        3.420            0      304.536      134.118      162.283
      634        0.255        3.517            0      309.737      135.676      157.651
      635        0.191        3.478            0      309.166      144.581      162.660
      636        0.199        3.450            0      305.571      158.438      159.504
      637        0.193        3.471            0      307.454      186.928      163.195
      638        0.136        3.446            0      306.204      174.867      162.773
      639        0.133        3.446            0      306.678      164.782      161.952
      640        0.196        3.463            0      307.472      167.023      161.565
      641        0.259        3.503            0      308.264      136.008      164.955
      642        0.251        3.441            0      306.262      139.656      160.180
      643        0.270        3.523            0      307.701      141.964      163.424
      644        0.177        3.464            0      305.457      150.723      159.354
      645        0.210        3.489            0      306.049      143.148      159.865
      646        0.149        3.440            0      304.396      154.953      162.858
      647        0.144        3.447            0      306.633      152.181      160.429
      648        0.273        3.494            0      306.323      142.906      158.707
      649        0.162        3.457            0      308.273      167.382      166.229
      650        0.238        3.486            0      306.454      163.112      162.272
      651        0.241        3.468            0      306.370      171.400      165.101
      652        0.198        3.496            0      307.694      160.314      164.751
      653        0.216        3.455            0      305.318      148.812      159.103
      654        0.162        3.450            0      304.555      153.540      160.946
      655        0.218        3.504            0      306.879      144.266      161.867
      656        0.266        3.519            0      307.891      143.284      160.145
      657        0.224        3.476            0      306.294      135.503      162.875
      658        0.273        3.439            0      305.969      131.756      162.251
      659        0.199        3.412            0      302.519      148.037      161.721
      660        0.192        3.446            0      303.289      154.002      159.729
      661        0.296        3.391            0      302.187      170.105      161.849
      662        0.227        3.437            0      306.478      141.520      160.585
      663        0.228        3.459            0      305.332      135.006      159.456
      664        0.247        3.464            0      304.893      126.308      161.162
      665        0.238        3.507            0      308.137      140.631      160.297
      666        0.183        3.438            0      305.531      146.784      160.186
      667        0.198        3.497            0      308.273      126.663      164.978
      668        0.273        3.507            0      308.250      134.427      163.319
      669        0.222        3.465            0      307.126      144.614      163.026
      670        0.184        3.453            0      305.123      142.548      162.954
      671        0.212        3.504            0      307.455      139.641      158.210
      672        0.204        3.507            0      307.884      129.541      162.341
      673        0.265        3.503            0      305.940      131.322      162.257
      674        0.258        3.416            0      305.254      136.183      167.863
      675        0.270        3.522            0      308.616      135.203      162.493
      676        0.242        3.489            0      309.581      128.050      164.897
      677        0.253        3.484            0      304.612      139.877      158.579
      678        0.169        3.442            0      305.454      124.873      161.054
      679        0.168        3.510            0      308.439      128.514      160.064
      680        0.313        3.453            0      304.279      129.188      158.371
      681        0.240        3.458            0      306.234      123.503      160.803
      682        0.162        3.458            0      305.807      126.042      162.713
      683        0.220        3.443            0      304.334      121.407      159.704
      684        0.232        3.452            0      305.989      124.763      159.735
      685        0.257        3.499            0      306.481      150.892      162.221
      686        0.173        3.457            0      305.730      155.361      159.259
      687        0.272        3.475            0      305.368      167.450      160.456
      688        0.210        3.474            0      306.158      132.608      163.627
      689        0.239        3.498            0      307.679      168.609      162.019
      690        0.275        3.422            0      303.904      151.599      160.410
      691        0.194        3.480            0      305.919      149.406      160.212
      692        0.204        3.472            0      304.015      154.127      158.453
      693        0.251        3.505            0      307.226      139.952      157.705
      694        0.183        3.466            0      304.461      131.213      158.809
      695        0.211        3.419            0      303.265      130.695      161.437
      696        0.226        3.501            0      308.525      135.796      160.766
      697        0.224        3.483            0      305.876      152.347      156.194
      698        0.237        3.503            0      308.167      148.773      161.756
      699        0.219        3.465            0      305.713      111.516      161.990
      700        0.197        3.490            0      308.690      106.995      162.980
      701        0.242        3.461            0      307.940      126.490      163.279
      702        0.222        3.505            0      306.699      112.358      161.799
      703        0.150        3.473            0      307.064      130.204      161.675
      704        0.222        3.436            0      306.317      116.588      160.280
      705        0.191        3.468            0      306.645      123.751      162.241
      706        0.223        3.493            0      306.594      115.604      163.313
      707        0.233        3.485            0      305.496      144.402      161.333
      708        0.275        3.511            0      308.604      134.264      159.482
      709        0.212        3.492            0      307.368      146.568      160.049
      710        0.169        3.484            0      308.093      146.813      163.770
      711        0.182        3.491            0      307.084      142.112      165.255
      712        0.180        3.463            0      308.746      154.700      161.530
      713        0.217        3.492            0      306.577      144.228      159.013
      714        0.208        3.519            0      309.876      130.525      165.689
      715        0.235        3.461            0      307.054      135.406      160.485
      716        0.241        3.481            0      305.968      160.808      161.887
      717        0.192        3.480            0      308.714      157.743      159.354
      718        0.155        3.479            0      308.688      138.281      161.437
      719        0.223        3.507            0      308.653      145.146      160.193
      720        0.183        3.450            0      306.581      126.673      162.089
      721        0.221        3.461            0      307.218      153.901      160.516
      722        0.295        3.536            0      308.342      126.953      160.972
      723        0.195        3.455            0      306.401      137.047      159.594
      724        0.324        3.482            0      305.576      150.452      160.853
      725        0.219        3.470            0      304.699      118.454      161.186
      726        0.182        3.463            0      306.142      120.859      162.864
      727        0.237        3.497            0      308.008      152.276      158.173
      728        0.182        3.486            0      308.381      136.058      163.404
      729        0.205        3.408            0      301.780      127.899      163.979
      730        0.187        3.467            0      308.124      122.125      162.455
      731        0.252        3.464            0      305.325      142.532      162.166
      732        0.171        3.467            0      305.783      145.300      163.868
      733        0.239        3.486            0      307.440      138.383      161.569
      734        0.209        3.470            0      306.454      142.098      160.094
      735        0.166        3.446            0      305.762      144.302      165.480
      736        0.182        3.441            0      307.608      140.856      161.929
      737        0.202        3.442            0      304.575      136.620      165.197
      738        0.259        3.415            0      305.028      132.010      158.413
      739        0.169        3.449            0      305.025      130.490      166.493
      740        0.150        3.436            0      305.111      157.318      162.553
      741        0.207        3.438            0      305.664      120.810      160.173
      742        0.243        3.451            0      303.470      135.886      155.668
      743        0.140        3.457            0      306.462      139.167      161.414
      744        0.209        3.474            0      305.732      139.878      156.765
      745        0.125        3.473            0      309.173      121.181      162.514
      746        0.252        3.434            0      304.672      142.617      162.663
      747        0.188        3.463            0      305.927      141.426      157.871
      748        0.217        3.481            0      306.893      139.556      160.364
      749        0.217        3.468            0      306.197      139.721      158.272
      750        0.224        3.474            0      304.875      130.243      158.073
      751        0.221        3.488            0      305.790      147.996      159.759
      752        0.150        3.459            0      305.998      133.842      160.478
      753        0.193        3.449            0      304.276      121.985      160.945
      754        0.179        3.469            0      307.312      134.393      162.047
      755        0.167        3.485            0      307.431      138.139      162.126
      756        0.278        3.476            0      306.222      121.499      157.709
      757        0.201        3.493            0      307.815      138.052      156.925
      758        0.180        3.451            0      305.820      123.539      156.673
      759        0.227        3.489            0      307.684      123.150      160.128
      760        0.209        3.482            0      306.718      104.541      160.568
      761        0.264        3.412            0      304.220      120.116      162.784
      762        0.204        3.497            0      307.869      142.900      163.712
      763        0.262        3.469            0      308.145      135.193      157.525
      764        0.151        3.469            0      305.720      138.658      162.320
      765        0.246        3.448            0      306.514      132.908      166.533
      766        0.229        3.454            0      305.093      135.316      158.074
      767        0.286        3.450            0      306.788      140.420      163.555
      768        0.235        3.458            0      304.881      125.901      158.975
      769        0.192        3.442            0      306.482      132.018      164.112
      770        0.209        3.438            0      304.063      153.013      159.201
      771        0.260        3.530            0      308.652      105.546      158.692
      772        0.221        3.465            0      305.768      134.357      158.552
      773        0.217        3.444            0      305.854      132.487      160.406
      774        0.241        3.523            0      309.460      151.605      161.401
      775        0.208        3.466            0      306.709      157.507      159.722
      776        0.204        3.444            0      304.808      146.732      162.395
      777        0.290        3.481            0      307.090      136.777      160.543
      778        0.305        3.429            0      304.811      115.855      166.891
      779        0.185        3.464            0      307.261      151.866      160.154
      780        0.196        3.485            0      307.704      114.768      160.742
      781        0.249        3.517            0      307.573      152.571      159.561
      782        0.208        3.504            0      308.171      126.937      162.629
      783        0.165        3.487            0      306.956      150.007      162.856
      784        0.258        3.446            0      303.791      133.197      160.060
      785        0.186        3.454            0      306.647      145.310      157.527
      786        0.208        3.503            0      306.788      152.625      163.717
      787        0.216        3.477            0      306.339      147.357      161.163
      788        0.142        3.457            0      307.072      125.347      164.377
      789        0.189        3.506            0      307.882      141.429      161.041
      790        0.266        3.465            0      306.737      169.351      162.283
      791        0.232        3.487            0      307.323      159.491      161.931
      792        0.169        3.455            0      307.163      129.357      161.532
      793        0.163        3.449            0      307.382      154.478      163.054
      794        0.181        3.479            0      306.520      148.735      160.261
      795        0.207        3.466            0      308.960      171.787      165.838
      796        0.229        3.406            0      304.128      132.566      158.450
      797        0.221        3.437            0      304.162      156.231      162.619
      798        0.237        3.502            0      307.843      138.138      157.258
      799        0.223        3.506            0      307.437      147.904      160.090
      800        0.257        3.515            0      308.729      135.928      161.174
      801        0.141        3.458            0      306.503      153.299      166.306
      802        0.231        3.493            0      306.935      137.187      159.573
      803        0.262        3.450            0      305.731      148.095      157.679
      804        0.210        3.458            0      306.217      141.145      161.636
      805        0.203        3.479            0      307.689      139.399      163.149
      806        0.200        3.444            0      306.215      162.920      163.560
      807        0.271        3.505            0      306.551      129.010      159.015
      808        0.191        3.466            0      306.255      140.005      158.357
      809        0.211        3.492            0      307.232      128.223      163.047
      810        0.310        3.528            0      307.592      142.307      159.969
      811        0.262        3.451            0      302.740      151.149      160.087
      812        0.275        3.479            0      305.431      147.929      160.692
      813        0.189        3.459            0      306.539      144.368      160.994
      814        0.214        3.514            0      309.574      140.355      162.081
      815        0.278        3.524            0      308.431      139.759      161.963
      816        0.184        3.475            0      308.017      154.401      162.287
      817        0.256        3.472            0      306.246      138.622      164.826
      818        0.261        3.426            0      304.569      110.143      163.973
      819        0.238        3.486            0      308.460       88.113      160.393
      820        0.141        3.453            0      306.677       73.578      163.500
      821        0.253        3.445            0      306.877      130.259      167.088
      822        0.271        3.511            0      307.244      152.021      162.534
      823        0.249        3.502            0      308.497      122.947      162.962
      824        0.304        3.494            0      307.480      128.909      159.948
      825        0.228        3.434            0      305.234      147.397      156.822
      826        0.232        3.514            0      307.661      152.259      162.274
      827        0.240        3.512            0      309.028      167.065      160.123
      828        0.276        3.496            0      309.436      143.015      162.297
      829        0.258        3.505            0      306.362      154.556      160.338
      830        0.200        3.425            0      304.958      167.546      161.191
      831        0.269        3.502            0      308.607      143.006      160.313
      832        0.290        3.502            0      305.958      156.745      160.812
      833        0.135        3.438            0      304.186      155.011      161.905
      834        0.254        3.505            0      308.835      159.490      165.448
      835        0.212        3.465            0      305.027      160.682      160.740
      836        0.165        3.476            0      306.528      148.881      160.627
      837        0.288        3.499            0      307.541      142.797      162.158
      838        0.266        3.475            0      305.500      137.957      158.602
      839        0.213        3.497            0      307.101      122.403      159.256
      840        0.163        3.456            0      304.927      159.487      159.356
      841        0.261        3.444            0      305.288      172.324      160.390
      842        0.226        3.463            0      305.698      156.380      156.480
      843        0.176        3.472            0      308.163      138.174      161.230
      844        0.299        3.511            0      308.767      145.103      157.812
      845        0.135        3.445            0      305.372      160.205      165.140
      846        0.184        3.461            0      306.007      189.874      163.331
      847        0.259        3.474            0      306.580      217.423      160.055
      848        0.156        3.460            0      305.642      137.909      166.001
      849        0.211        3.408            0      302.767      133.165      161.634
      850        0.161        3.489            0      307.180      171.995      161.937
      851        0.287        3.473            0      307.695      172.886      156.584
      852        0.206        3.509            0      307.223      195.120      163.781
      853        0.350        3.521            0      307.552      172.544      157.322
      854        0.260        3.444            0      305.082      124.480      156.249
      855        0.359        3.442            0      305.495      143.517      157.671
      856        0.391        3.401            0      304.580      152.748      161.339
      857        0.328        3.498            0      305.502      156.253      162.535
      858        0.262        3.447            0      304.752      203.289      161.462
      859        0.226        3.415            0      303.981      204.960      161.615
      860        0.307        3.518            0      307.204      133.357      159.619
      861        0.221        3.485            0      305.900      156.065      159.889
      862        0.185        3.431            0      304.538      130.667      160.980
      863        0.219        3.488            0      307.334      137.193      165.256
      864        0.308        3.520            0      307.426       93.381      158.382
      865        0.216        3.493            0      306.452       98.103      159.621
      866        0.257        3.525            0      308.925       66.940      160.770
      867        0.260        3.458            0      305.961      114.911      162.415
      868        0.304        3.482            0      306.412      110.949      162.600
      869        0.241        3.464            0      306.956      127.670      163.246
      870        0.237        3.492            0      306.539       90.952      162.554
      871        0.296        3.467            0      304.103      110.069      160.714
      872        0.221        3.499            0      307.930       94.406      163.270
      873        0.222        3.460            0      306.236       93.447      163.015
      874        0.241        3.465            0      303.839      137.120      162.412
      875        0.287        3.447            0      305.470       60.772      164.957
      876        0.264        3.514            0      308.670       99.024      163.050
      877        0.221        3.482            0      306.486      108.477      165.555
      878        0.179        3.476            0      306.960      145.362      163.600
      879        0.242        3.461            0      305.284      122.792      163.843
      880        0.258        3.404            0      303.394      139.089      166.437
      881        0.198        3.448            0      304.199      121.593      157.233
      882        0.233        3.491            0      305.834      138.894      158.456
      883        0.276        3.487            0      307.848      125.269      155.643
      884        0.227        3.480            0      306.355      124.712      159.582
      885        0.182        3.445            0      305.223      111.478      159.197
      886        0.275        3.421            0      304.040      154.344      159.655
      887        0.211        3.494            0      307.523      167.668      157.224
      888        0.197        3.446            0      304.994      187.127      159.571
      889        0.205        3.470            0      307.370      191.806      165.510
      890        0.205        3.467            0      306.111      180.835      164.405
      891        0.270        3.432            0      306.615      157.421      165.802
      892        0.250        3.466            0      306.394      194.125      158.919
      893        0.206        3.462            0      305.768      191.135      158.458
      894        0.240        3.401            0      304.159       95.351      163.279
      895        0.201        3.430            0      303.820      111.341      157.231
      896        0.288        3.412            0      303.299      156.918      161.408
      897        0.314        3.467            0      304.818      177.173      163.739
      898        0.152        3.450            0      307.019      144.363      159.911
      899        0.266        3.436            0      306.282      168.164      162.815
      900        0.259        3.467            0      304.831      166.591      154.991
      901        0.253        3.448            0      305.732      185.377      165.189
      902        0.200        3.439            0      305.203      173.709      157.023
      903        0.178        3.467            0      306.931      171.137      159.115
      904        0.219        3.518            0      309.147      196.600      160.400
      905        0.203        3.444            0      306.037      185.504      161.016
      906        0.227        3.482            0      305.464      175.841      162.534
      907        0.311        3.461            0      306.690      195.954      162.247
      908        0.198        3.428            0      303.577      178.589      156.246
      909        0.271        3.466            0      307.712      167.223      160.370
      910        0.193        3.443            0      305.285      174.120      159.811
      911        0.228        3.464            0      305.836      175.512      161.462
      912        0.293        3.508            0      306.562      176.519      156.936
      913        0.301        3.444            0      305.586      155.916      162.288
      914        0.349        3.521            0      306.508      168.047      159.958
      915        0.245        3.439            0      305.810      180.569      162.383
      916        0.173        3.460            0      307.127      159.036      160.314
      917        0.359        3.432            0      306.462      134.249      162.598
      918        0.255        3.441            0      306.150      113.191      160.729
      919        0.273        3.481            0      303.951       85.819      157.465
      920        0.288        3.433            0      306.947       92.564      163.200
      921        0.203        3.493            0      306.510       64.684      161.565
      922        0.334        3.382            0      302.343       89.293      161.499
      923        0.200        3.452            0      306.618       49.129      160.333
      924        0.220        3.461            0      307.216       66.785      163.094
      925        0.184        3.450            0      306.120      120.697      157.086
      926        0.207        3.489            0      308.034       88.736      162.781
      927        0.203        3.462            0      305.280       83.536      158.300
      928        0.230        3.479            0      305.732       64.245      161.784
      929        0.285        3.511            0      307.389      127.753      157.462
      930        0.163        3.434            0      305.574      124.156      163.027
      931        0.159        3.455            0      306.712      106.757      162.962
      932        0.243        3.435            0      306.787       87.073      159.561
      933        0.180        3.433            0      306.252       89.180      164.175
      934        0.195        3.442            0      305.077      110.565      160.552
      935        0.285        3.390            0      302.877      118.884      165.654
      936        0.156        3.439            0      306.834      100.326      160.164
      937        0.211        3.450            0      304.309       95.979      159.422
      938        0.193        3.435            0      304.646       67.183      162.147
      939        0.133        3.465            0      305.711       73.396      164.857
      940        0.225        3.431            0      302.969       69.457      157.205
      941        0.183        3.456            0      306.520       63.244      164.676
      942        0.168        3.510            0      309.183       79.526      165.881
      943        0.275        3.419            0      305.285       64.754      165.218
      944        0.242        3.506            0      307.889       62.303      161.830
      945        0.244        3.439            0      304.287       38.037      160.245
      946        0.198        3.487            0      307.290       50.375      159.008
      947        0.377        3.376            0      301.165       43.346      161.977
      948        0.223        3.430            0      305.830       56.713      165.340
      949        0.219        3.404            0      303.979       58.718      164.889
      950        0.284        3.408            0      302.969       41.612      166.111
      951        0.213        3.424            0      304.819       54.854      161.001
      952        0.215        3.452            0      305.298       68.868      161.819
      953        0.254        3.474            0      305.791       74.778      159.299
      954        0.161        3.479            0      305.641       59.806      164.928
      955        0.247        3.394            0      302.822       63.940      159.913
      956        0.213        3.428            0      306.619       66.647      162.866
      957        0.227        3.469            0      308.435       77.567      163.125
      958        0.379        3.401            0      301.599       64.667      161.820
      959        0.295        3.453            0      306.577       53.543      161.854
      960        0.146        3.453            0      305.904       62.082      165.730
      961        0.197        3.466            0      308.192       50.398      168.459
      962        0.203        3.442            0      306.134       60.519      160.135
      963        0.210        3.428            0      305.737       52.976      167.457
      964        0.222        3.430            0      305.305       35.131      161.488
      965        0.250        3.474            0      305.633       50.591      162.486
      966        0.243        3.473            0      306.493       44.085      158.881
      967        0.260        3.420            0      303.612       42.135      162.540
      968        0.260        3.495            0      307.864       50.093      160.652
      969        0.266        3.467            0      305.987       44.833      159.556
      970        0.144        3.461            0      306.584       56.302      161.164
      971        0.413        3.389            0      303.173       64.639      160.925
      972        0.207        3.474            0      307.577       57.570      163.988
      973        0.204        3.472            0      306.188       54.648      161.574
      974        0.245        3.444            0      306.684       46.553      166.091
      975        0.172        3.434            0      304.988       37.852      160.502
      976        0.327        3.393            0      304.902       42.932      165.094
      977        0.193        3.445            0      305.192       59.566      161.893
      978        0.225        3.449            0      306.188       50.150      160.857
      979        0.162        3.441            0      305.120       57.718      163.735
      980        0.220        3.437            0      303.142       59.969      160.536
      981        0.183        3.443            0      304.120       47.357      163.180
      982        0.202        3.470            0      305.901       47.091      159.178
      983        0.196        3.465            0      301.955       38.696      158.774
      984        0.175        3.458            0      306.865       62.305      164.671
      985        0.255        3.398            0      304.107       51.196      163.191
      986        0.169        3.475            0      304.326       40.087      158.488
      987        0.158        3.476            0      308.058       64.197      163.876
      988        0.222        3.425            0      305.069       49.347      161.601
      989        0.170        3.448            0      305.749       74.490      162.088
      990        0.191        3.474            0      307.179       95.759      158.599
      991        0.187        3.436            0      305.861       21.828      162.710
      992        0.214        3.485            0      307.423       81.417      161.411
      993        0.190        3.429            0      305.425       74.723      162.304
      994        0.154        3.434            0      306.212       61.910      162.412
      995        0.207        3.470            0      306.032       69.898      158.690
      996        0.177        3.451            0      306.216       61.831      163.634
      997        0.169        3.427            0      304.936       55.862      156.732
      998        0.187        3.499            0      308.842      103.862      161.515
      999        0.157        3.499            0      308.812      106.895      161.630
     1000        0.195        3.462            0      305.617       96.439      160.709
