  Frame #         RMSD         rGyr      intraHB        MolSA         SASA          PSA
        0        0.000        4.066            0      298.704      282.098      164.265
        1        0.788        4.000            0      297.607      264.723      168.281
        2        0.922        4.008            0      299.901      300.484      177.493
        3        0.384        4.081            0      299.982      345.342      171.790
        4        0.350        4.027            0      298.412      320.773      167.162
        5        0.340        4.025            0      298.234      278.468      168.897
        6        0.694        4.027            0      299.986      298.979      176.977
        7        0.746        3.949            0      297.186      261.023      169.727
        8        0.682        3.987            0      299.720      275.140      180.377
        9        0.797        3.968            0      298.273      294.790      177.270
       10        0.437        4.038            0      299.298      266.386      175.057
       11        0.793        4.024            0      297.916      331.175      168.782
       12        0.601        3.994            0      297.987      266.431      170.322
       13        0.515        4.031            0      298.126      318.122      173.503
       14        0.697        4.008            0      298.191      345.749      172.088
       15        0.722        3.994            0      298.641      297.343      178.734
       16        0.596        4.036            0      299.711      207.460      170.394
       17        0.860        3.986            0      299.738      107.598      178.900
       18        0.780        4.063            0      301.559      158.822      176.860
       19        0.715        4.016            0      299.616      148.330      175.896
       20        0.939        3.969            0      299.532      211.443      174.831
       21        0.809        4.032            0      300.159      102.352      176.173
       22        0.710        4.011            0      299.759      170.878      174.737
       23        0.539        4.068            0      299.126      164.019      171.544
       24        0.690        3.977            0      298.289      194.653      175.597
       25        0.708        4.011            0      300.507      190.576      172.354
       26        0.806        4.008            0      298.924      153.165      172.366
       27        0.772        4.033            0      299.258      258.780      174.109
       28        0.691        4.015            0      298.987      288.258      173.051
       29        0.705        4.014            0      300.587      289.217      180.655
       30        0.837        3.921            0      296.259      297.676      173.830
       31        0.879        4.002            0      298.943      227.890      174.834
       32        0.426        4.030            0      297.067      257.946      163.793
       33        0.731        3.988            0      298.625      236.012      176.499
       34        0.526        4.038            0      299.229      246.314      168.194
       35        0.728        3.977            0      296.639      228.296      176.572
       36        0.576        4.043            0      299.159      248.597      174.207
       37        0.746        4.030            0      299.031      226.861      173.062
       38        0.689        4.019            0      299.727      185.657      171.886
       39        0.356        4.027            0      297.674      232.163      164.090
       40        0.774        3.989            0      298.787      313.851      175.610
       41        0.886        3.951            0      296.861      349.007      179.047
       42        0.833        3.990            0      297.741      328.481      175.757
       43        0.799        3.989            0      298.459      323.086      177.150
       44        0.891        4.034            0      302.379      448.289      175.288
       45        0.317        4.035            0      298.516      369.051      167.944
       46        0.892        3.990            0      298.710      334.831      171.454
       47        0.765        4.000            0      299.268      258.260      173.312
       48        0.955        4.000            0      300.491      319.052      176.273
       49        0.794        3.948            0      297.932      294.412      177.586
       50        0.610        4.069            0      299.658      284.560      173.274
       51        0.601        4.066            0      299.941      411.539      174.630
       52        0.482        4.039            0      298.345      414.063      171.422
       53        0.856        3.975            0      298.999      339.515      179.204
       54        0.714        4.010            0      299.131      332.455      179.399
       55        0.921        4.012            0      299.375      303.508      177.282
       56        0.786        4.029            0      299.920      309.636      175.605
       57        0.972        3.962            0      300.857      554.353      179.231
       58        0.532        4.024            0      297.975      310.140      173.055
       59        0.805        3.991            0      300.264      300.323      180.543
       60        0.726        3.983            0      297.912      309.551      175.039
       61        0.762        4.003            0      298.457      309.724      175.460
       62        0.799        3.958            0      297.242      318.881      167.674
       63        0.365        4.026            0      296.052      324.087      162.438
       64        0.779        4.029            0      299.133      293.015      172.866
       65        0.739        4.022            0      299.786      321.187      177.899
       66        0.643        4.054            0      299.837      343.380      173.752
       67        0.759        4.037            0      300.899      312.082      174.578
       68        0.695        4.044            0      300.240      309.297      178.460
       69        0.782        3.993            0      299.388      315.085      173.868
       70        0.851        4.003            0      299.472      305.962      177.987
       71        0.858        3.988            0      299.411      552.189      174.257
       72        0.857        3.971            0      300.286      555.550      178.468
       73        0.682        4.028            0      300.809      552.590      179.062
       74        0.836        3.982            0      299.158      315.745      181.134
       75        0.491        4.026            0      298.057      307.718      173.109
       76        1.245        3.930            0      298.679      303.707      173.413
       77        0.670        4.034            0      299.702      321.878      174.848
       78        0.517        4.103            0      301.042      309.349      170.211
       79        0.522        4.055            0      299.715      280.544      169.785
       80        1.059        3.962            0      299.314      242.048      180.041
       81        0.838        3.975            0      297.958      275.264      176.157
       82        1.113        3.853            0      294.006      306.207      178.060
       83        0.813        3.982            0      298.446      303.612      176.107
       84        0.900        3.965            0      298.175      307.585      174.704
       85        0.909        3.970            0      298.458      326.197      176.001
       86        0.788        3.951            0      297.302      307.526      175.163
       87        0.764        4.030            0      298.865      310.379      175.154
       88        0.756        4.012            0      300.224      309.537      178.057
       89        0.506        3.983            0      297.027      314.753      169.197
       90        0.681        3.977            0      297.510      339.253      175.724
       91        0.857        4.039            0      299.667      306.914      174.057
       92        0.581        4.027            0      299.176      342.197      174.486
       93        0.977        3.985            0      298.096      296.068      171.191
       94        0.355        4.014            0      296.291      298.735      162.967
       95        0.852        3.960            0      300.011      341.914      180.641
       96        0.230        4.019            0      296.436      358.476      166.715
       97        0.810        4.042            0      300.155      345.237      173.627
       98        0.951        3.960            0      300.548      319.135      174.898
       99        0.419        4.008            0      296.012      227.052      163.372
      100        0.779        4.032            0      300.034      252.281      179.085
      101        0.731        3.994            0      299.266      228.817      176.477
      102        0.627        4.037            0      300.070      236.913      176.401
      103        0.648        4.037            0      299.815      222.874      173.307
      104        0.570        4.045            0      300.982      236.823      174.835
      105        0.755        3.961            0      297.020      258.950      171.806
      106        0.754        3.984            0      298.626      202.864      170.778
      107        0.700        4.022            0      297.896      206.577      166.847
      108        0.723        4.031            0      300.904      203.667      174.218
      109        0.835        4.013            0      299.052      270.800      173.361
      110        0.470        4.042            0      299.845      246.108      176.852
      111        0.760        3.972            0      297.337      227.144      174.873
      112        0.818        3.967            0      296.632      250.527      173.148
      113        0.717        4.052            0      298.883      248.138      173.198
      114        0.727        4.032            0      298.728      232.094      168.264
      115        0.624        4.075            0      300.685      226.835      172.175
      116        0.802        4.014            0      300.467      207.747      179.816
      117        0.865        3.964            0      299.524      224.813      179.335
      118        0.967        3.964            0      297.866      177.266      173.879
      119        1.002        3.941            0      298.711      180.142      174.714
      120        0.782        3.985            0      297.788      187.700      173.258
      121        0.714        4.057            0      301.155      216.737      174.834
      122        0.917        3.973            0      299.296      190.815      177.709
      123        0.808        4.012            0      299.950      191.129      173.086
      124        0.738        4.007            0      300.183      187.053      175.524
      125        0.920        3.991            0      300.352      145.317      176.795
      126        0.918        3.935            0      296.824      149.774      172.679
      127        0.842        4.009            0      299.861      188.122      175.567
      128        0.598        4.027            0      298.411      169.417      171.936
      129        0.847        4.001            0      298.991      198.284      174.194
      130        0.715        3.998            0      298.933      195.355      175.032
      131        0.641        4.090            0      301.251      168.322      178.558
      132        0.689        4.039            0      298.156      172.291      177.354
      133        0.970        4.040            0      302.082      175.650      176.144
      134        0.574        4.007            0      298.394      171.474      169.357
      135        0.452        4.011            0      298.376      131.451      173.624
      136        0.809        3.964            0      296.896      144.487      175.407
      137        0.956        3.931            0      297.706      133.612      175.226
      138        0.694        3.975            0      296.931      158.368      176.572
      139        0.939        3.981            0      298.643      140.470      175.470
      140        0.607        3.965            0      296.936      139.510      175.399
      141        0.709        4.019            0      297.897      180.780      172.956
      142        0.901        3.992            0      298.422      139.742      174.075
      143        0.884        3.949            0      295.866      136.855      173.371
      144        0.991        4.008            0      299.926      162.278      177.657
      145        0.865        4.020            0      299.543      149.406      178.737
      146        0.376        4.047            0      297.602      154.743      167.890
      147        0.841        4.019            0      300.525      152.836      181.381
      148        0.688        4.040            0      299.393      141.561      165.691
      149        0.975        3.960            0      297.843      152.238      170.199
      150        0.807        3.967            0      298.669      128.806      176.629
      151        0.715        4.037            0      299.941      197.558      173.575
      152        0.829        4.038            0      300.354      196.000      178.762
      153        0.936        3.962            0      297.818      188.950      177.565
      154        0.992        3.929            0      297.211      171.345      176.680
      155        0.811        3.970            0      297.224      164.782      177.105
      156        0.935        4.001            0      297.553      170.128      175.096
      157        0.503        4.036            0      298.042      190.634      170.337
      158        0.837        4.000            0      299.758      176.136      179.116
      159        0.270        3.992            0      295.971      145.579      166.863
      160        0.806        3.997            0      299.380      214.121      178.657
      161        0.574        4.016            0      299.953      154.301      171.111
      162        0.699        4.026            0      297.595      144.528      174.785
      163        0.461        4.031            0      299.579      193.404      175.764
      164        0.559        4.057            0      298.538      148.847      173.956
      165        0.852        4.003            0      298.581      154.596      176.056
      166        0.686        4.011            0      298.160      140.199      173.983
      167        0.870        3.971            0      300.148      167.093      180.478
      168        0.806        4.024            0      298.521      118.160      175.878
      169        0.798        4.001            0      296.818      153.851      174.789
      170        0.769        4.008            0      298.171      111.920      176.101
      171        0.709        3.993            0      297.960      101.366      173.599
      172        0.529        4.036            0      298.621       72.185      169.372
      173        0.810        4.054            0      301.334      104.204      179.698
      174        0.663        4.024            0      298.180      131.344      165.672
      175        1.082        4.011            0      300.488      193.720      178.890
      176        0.757        3.994            0      297.455      141.841      177.585
      177        0.879        3.978            0      300.063      118.908      173.523
      178        0.401        3.981            0      296.356      114.280      169.850
      179        0.584        3.997            0      294.100      127.996      164.281
      180        0.544        3.985            0      296.162      143.167      156.097
      181        0.498        4.025            0      297.144      161.476      159.516
      182        0.384        4.028            0      297.384      119.856      164.270
      183        0.402        4.056            0      300.013       97.648      175.224
      184        1.085        3.933            0      299.415       98.640      179.351
      185        0.824        3.966            0      300.007      110.741      180.572
      186        0.965        3.928            0      298.991      118.205      175.855
      187        0.898        3.993            0      299.879      109.718      179.652
      188        0.679        4.042            0      299.881      135.928      172.826
      189        0.853        4.011            0      298.257      131.589      178.480
      190        0.973        3.921            0      297.995      114.534      176.036
      191        0.891        3.997            0      299.075      127.484      179.932
      192        0.858        3.935            0      297.894      124.908      176.830
      193        0.925        4.003            0      299.728      127.191      178.097
      194        0.913        3.978            0      298.287      134.260      176.087
      195        0.775        3.967            0      298.222       91.138      178.113
      196        0.725        4.063            0      301.572      115.217      171.878
      197        0.807        4.006            0      297.328       99.792      172.800
      198        0.649        3.992            0      296.791      129.340      173.178
      199        0.949        3.981            0      299.096      124.852      180.529
      200        0.678        4.012            0      298.033      119.858      167.532
      201        0.862        3.960            0      297.928      115.267      177.584
      202        0.888        3.976            0      298.340      125.974      175.587
      203        0.701        4.018            0      299.389      114.725      175.114
      204        0.994        3.942            0      299.306       86.025      177.306
      205        0.889        3.992            0      300.943      121.950      181.150
      206        0.916        3.989            0      298.107      166.571      176.676
      207        0.849        4.006            0      300.323      177.768      176.504
      208        1.055        3.962            0      298.771      105.454      177.670
      209        0.932        3.964            0      298.979      133.362      177.499
      210        0.872        4.003            0      300.017      133.269      177.142
      211        0.651        4.031            0      298.685      137.015      176.436
      212        0.791        4.001            0      298.847      134.085      178.622
      213        0.782        3.979            0      297.910      122.536      176.925
      214        0.731        3.960            0      297.266      124.388      174.134
      215        0.761        4.000            0      299.117      108.427      174.632
      216        0.663        3.996            0      298.147      130.009      176.269
      217        0.703        4.003            0      296.885      154.715      171.395
      218        0.799        4.014            0      299.144      170.105      172.768
      219        0.562        3.992            0      296.928      167.531      167.800
      220        0.665        4.040            0      298.096      172.546      173.603
      221        0.789        3.968            0      296.752      181.780      168.089
      222        0.789        3.994            0      299.922      181.508      175.492
      223        0.738        4.042            0      301.306      147.920      181.418
      224        0.828        4.024            0      299.413      180.573      174.763
      225        0.342        4.028            0      300.044      179.005      172.891
      226        0.807        4.008            0      300.064      141.390      176.690
      227        0.934        3.974            0      299.135      164.074      172.728
      228        0.797        4.000            0      300.402      133.756      177.508
      229        0.691        4.049            0      300.054      168.057      175.130
      230        0.858        3.995            0      300.111      152.463      174.460
      231        0.907        4.036            0      299.798      148.826      180.941
      232        0.716        4.044            0      299.766      165.873      170.855
      233        0.737        4.001            0      296.331      149.411      166.124
      234        0.788        3.998            0      298.674      155.786      179.466
      235        0.799        3.948            0      297.863      163.114      175.798
      236        0.219        4.038            0      298.714      171.560      169.468
      237        0.282        4.010            0      295.619      196.326      166.385
      238        0.482        3.991            0      298.009      151.216      173.391
      239        0.777        3.973            0      299.820      177.805      171.227
      240        1.059        3.915            0      296.492      169.309      176.573
      241        1.075        3.938            0      297.530      138.568      177.386
      242        0.676        4.019            0      299.453      155.509      171.487
      243        0.688        4.010            0      298.583      125.899      178.292
      244        0.869        3.980            0      298.774      125.087      175.816
      245        0.626        4.018            0      299.240      145.312      174.566
      246        0.770        4.000            0      299.002      149.871      173.496
      247        0.788        4.001            0      299.331      120.467      170.614
      248        0.794        3.961            0      298.399      134.258      171.535
      249        0.713        3.999            0      297.802      138.883      171.211
      250        0.488        4.004            0      298.605      131.439      160.777
      251        0.759        3.997            0      299.070      108.352      176.235
      252        0.540        4.070            0      300.278      141.329      171.951
      253        0.329        4.031            0      296.066      124.416      168.358
      254        0.447        4.077            0      299.789      170.219      170.337
      255        0.748        3.986            0      299.407      118.518      178.533
      256        0.689        4.022            0      299.422      114.610      178.627
      257        0.602        4.060            0      300.366      124.605      171.376
      258        0.306        4.023            0      296.589      148.054      159.789
      259        0.519        4.003            0      297.549      139.368      170.911
      260        0.757        3.992            0      296.832      138.672      170.064
      261        0.673        4.021            0      298.119      124.010      174.332
      262        0.553        4.044            0      300.390      136.993      172.575
      263        0.785        3.988            0      297.221      139.996      169.704
      264        0.866        3.972            0      297.314      142.527      180.225
      265        0.508        4.107            0      300.993      131.697      170.631
      266        0.788        3.992            0      300.019      115.681      172.230
      267        0.758        4.006            0      297.480      183.907      164.354
      268        0.840        3.979            0      299.820      123.986      174.542
      269        0.475        4.015            0      297.279      116.582      173.723
      270        0.921        3.996            0      297.837      155.791      173.053
      271        0.683        4.012            0      299.015      124.163      174.337
      272        0.854        3.982            0      300.406      137.788      174.012
      273        0.758        4.004            0      298.746      116.763      173.376
      274        0.756        3.994            0      298.976      141.525      173.438
      275        0.760        3.991            0      299.733      138.499      177.722
      276        0.673        4.047            0      299.530      192.393      176.677
      277        0.686        4.045            0      300.232      150.149      173.519
      278        0.680        4.036            0      298.997      120.081      172.524
      279        0.572        4.042            0      299.743      131.909      168.893
      280        0.823        3.984            0      298.774      151.077      179.329
      281        0.740        3.999            0      298.834      157.103      174.573
      282        0.596        4.050            0      299.285      171.992      168.502
      283        0.711        4.005            0      298.133      153.133      173.251
      284        0.698        4.010            0      299.958      162.697      175.840
      285        0.421        4.034            0      297.856      127.702      171.168
      286        0.538        3.963            0      296.765      163.682      176.220
      287        0.393        4.027            0      297.922      143.878      168.960
      288        0.384        4.023            0      299.270      142.537      172.856
      289        0.549        4.005            0      297.581      153.358      170.654
      290        0.892        4.015            0      300.970      159.980      174.847
      291        0.763        4.009            0      297.448      177.597      170.432
      292        0.592        4.001            0      296.992      159.526      170.427
      293        0.665        4.051            0      300.657      167.204      178.454
      294        0.432        4.040            0      298.046      154.696      170.198
      295        0.738        4.024            0      298.462      141.889      170.689
      296        0.786        3.952            0      296.198      155.142      167.290
      297        0.746        4.029            0      299.225      148.164      168.395
      298        0.728        4.021            0      298.555      144.747      168.932
      299        0.912        3.942            0      298.442      162.286      173.729
      300        0.719        4.042            0      299.504      139.778      169.574
      301        0.766        4.018            0      298.723      163.509      174.200
      302        0.842        3.975            0      295.524      164.025      167.238
      303        0.704        4.031            0      298.266      169.472      170.680
      304        0.755        3.998            0      298.344      162.655      170.740
      305        0.679        4.036            0      299.586      174.868      170.191
      306        0.987        3.974            0      296.134      160.330      167.368
      307        0.924        3.952            0      297.354      189.888      170.977
      308        0.717        3.992            0      297.523      137.580      169.280
      309        0.662        3.984            0      299.138      159.384      175.310
      310        0.855        3.934            0      295.781      144.514      167.625
      311        0.722        3.999            0      298.634      174.146      168.157
      312        0.667        4.055            0      299.958      122.875      172.183
      313        0.820        3.973            0      297.972      137.606      173.220
      314        0.753        4.043            0      301.085      152.922      172.761
      315        0.847        3.989            0      299.446      155.175      169.960
      316        0.733        4.004            0      297.639      148.021      169.756
      317        0.696        4.042            0      300.496      126.511      177.546
      318        0.833        3.957            0      297.243      156.403      168.097
      319        0.664        3.967            0      297.912      161.773      171.823
      320        0.978        3.932            0      295.369      142.379      168.094
      321        0.904        3.977            0      297.384      128.534      168.398
      322        0.870        4.013            0      299.767      157.887      175.455
      323        0.799        4.010            0      298.999      164.759      170.728
      324        0.721        4.024            0      298.673      166.339      173.421
      325        0.599        4.054            0      299.961      129.817      171.635
      326        0.751        4.016            0      298.579      135.084      171.739
      327        0.891        3.987            0      297.597      145.137      171.423
      328        0.752        4.010            0      298.824      152.888      173.299
      329        0.581        3.998            0      297.532      181.528      172.386
      330        0.680        4.031            0      300.331      159.041      171.467
      331        0.726        4.030            0      299.032      163.847      176.305
      332        0.801        4.001            0      297.985      165.965      169.737
      333        0.752        3.974            0      296.706      183.864      170.516
      334        0.827        3.977            0      299.032      182.117      171.231
      335        0.830        4.036            0      301.252      173.678      171.937
      336        0.917        3.982            0      299.250      166.859      170.185
      337        0.757        4.029            0      299.663      178.123      170.729
      338        0.830        3.997            0      298.845      175.515      172.710
      339        0.782        4.033            0      300.188      178.305      173.034
      340        0.797        3.953            0      296.903      176.629      172.564
      341        0.757        3.963            0      298.689      195.802      175.477
      342        0.723        4.038            0      300.281      207.154      171.058
      343        0.799        3.957            0      299.627      174.872      179.455
      344        0.802        3.966            0      296.761      190.572      171.662
      345        0.770        3.934            0      296.097      179.367      171.594
      346        0.778        4.009            0      300.130      176.065      172.556
      347        0.884        3.988            0      298.067      193.635      168.733
      348        0.690        3.986            0      298.768      161.507      176.510
      349        0.782        4.047            0      302.089      201.514      172.615
      350        0.779        3.982            0      301.473      175.902      178.803
      351        0.668        3.991            0      299.000      204.378      176.210
      352        0.690        4.019            0      299.246      181.500      174.444
      353        0.733        4.025            0      299.431      206.196      168.073
      354        0.796        3.959            0      296.488      208.461      174.489
      355        0.887        3.997            0      298.996      203.888      166.183
      356        0.775        4.012            0      297.871      166.790      168.301
      357        0.781        3.980            0      298.093      165.226      173.570
      358        0.755        4.038            0      301.407      175.273      175.870
      359        0.864        4.005            0      299.416      164.565      172.616
      360        0.786        4.003            0      297.952      171.127      167.587
      361        0.853        4.051            0      301.797      193.391      174.651
      362        0.740        4.014            0      299.377      163.347      175.437
      363        0.885        3.982            0      300.714      174.982      171.927
      364        0.791        3.978            0      299.440      164.250      171.306
      365        0.886        3.987            0      298.408      189.600      171.461
      366        0.798        3.967            0      297.079      179.820      169.641
      367        0.868        3.985            0      298.604      156.571      169.256
      368        0.792        4.010            0      298.517      184.099      163.660
      369        0.851        3.967            0      299.748      176.326      173.264
      370        0.794        4.005            0      299.256      174.148      170.824
      371        0.797        3.994            0      300.565      188.901      172.415
      372        0.732        3.987            0      299.259      186.404      175.706
      373        0.706        4.047            0      300.638      190.525      174.684
      374        0.825        4.013            0      300.655      178.630      176.246
      375        0.766        3.976            0      298.305      171.061      179.401
      376        0.697        4.023            0      298.835      187.639      176.453
      377        0.847        3.935            0      296.503      164.841      170.626
      378        0.868        3.967            0      297.771      202.876      168.704
      379        0.664        4.048            0      301.386      178.192      173.235
      380        0.773        3.976            0      296.765      184.396      169.478
      381        0.925        3.963            0      299.070      172.964      178.288
      382        0.916        3.919            0      298.028      193.349      175.481
      383        0.667        4.039            0      299.791      169.663      174.604
      384        0.734        3.970            0      298.334      170.364      176.250
      385        0.725        4.000            0      298.804      188.460      176.346
      386        0.849        3.952            0      297.645      167.649      171.919
      387        0.681        3.985            0      297.371      163.304      171.875
      388        0.753        3.963            0      299.378      183.196      174.789
      389        0.932        4.011            0      300.257      173.782      170.789
      390        0.802        3.994            0      299.734      191.208      176.970
      391        0.824        4.008            0      299.808      189.310      172.788
      392        0.794        3.996            0      299.228      202.609      170.230
      393        0.874        4.005            0      300.783      197.955      178.047
      394        0.904        3.967            0      300.543      170.331      179.247
      395        0.865        3.993            0      297.230      208.163      170.867
      396        0.778        4.028            0      298.754      186.679      175.880
      397        0.731        3.959            0      298.025      176.548      175.369
      398        0.871        3.988            0      298.234      199.968      174.567
      399        0.696        3.998            0      297.957      193.048      173.799
      400        0.686        4.066            0      300.488      192.797      175.712
      401        0.794        3.975            0      297.311      196.541      175.133
      402        0.796        4.016            0      299.872      166.743      174.467
      403        0.426        4.061            0      300.917      189.543      169.248
      404        0.838        3.994            0      300.201      193.328      174.343
      405        0.854        3.972            0      299.132      168.850      177.709
      406        0.912        3.952            0      299.935      182.158      172.179
      407        0.920        3.984            0      298.925      151.850      174.347
      408        0.670        4.027            0      299.519      201.162      172.889
      409        0.794        3.937            0      296.539      177.181      173.055
      410        0.878        3.992            0      300.177      230.505      175.676
      411        0.292        4.064            0      299.064      212.477      165.321
      412        0.728        4.033            0      299.522      205.379      170.013
      413        0.843        3.992            0      297.198      224.525      174.837
      414        0.933        3.977            0      298.343      208.148      173.887
      415        0.788        4.005            0      298.008      208.916      168.601
      416        0.761        4.031            0      298.848      210.207      172.241
      417        0.814        4.001            0      299.282      210.227      175.558
      418        0.690        4.032            0      298.651      222.219      170.491
      419        0.391        4.032            0      296.302      241.539      161.341
      420        0.596        4.002            0      298.385      219.258      174.302
      421        0.413        4.044            0      297.860      198.658      169.028
      422        0.732        4.016            0      299.260      228.213      170.553
      423        0.858        3.946            0      297.246      207.261      172.155
      424        0.747        3.988            0      299.169      198.938      172.133
      425        0.688        4.042            0      300.579      166.966      170.772
      426        0.994        3.962            0      297.064      178.425      170.822
      427        0.770        3.960            0      296.428      197.655      172.395
      428        0.809        3.974            0      296.799      187.233      169.772
      429        0.939        3.938            0      295.880      171.440      168.603
      430        0.899        3.993            0      299.129      184.072      175.098
      431        0.900        4.026            0      300.446      191.765      172.233
      432        0.851        4.041            0      300.798      191.353      171.447
      433        0.778        3.987            0      296.198      186.591      166.067
      434        0.776        3.997            0      297.780      197.520      170.808
      435        0.904        3.996            0      298.059      179.109      173.248
      436        0.644        3.972            0      296.677      176.093      173.064
      437        0.591        4.025            0      298.982      185.224      173.361
      438        0.855        4.005            0      299.023      174.621      172.965
      439        0.769        3.998            0      297.069      200.727      172.539
      440        0.856        4.005            0      298.139      173.850      173.640
      441        0.845        4.005            0      298.683      172.293      173.492
      442        0.803        4.032            0      299.621      188.807      173.879
      443        0.687        4.020            0      299.614      190.666      177.067
      444        0.849        3.993            0      297.530      176.261      171.990
      445        0.783        4.020            0      298.509      192.037      174.846
      446        0.720        4.035            0      298.551      180.749      174.953
      447        0.648        4.020            0      298.821      155.465      171.387
      448        0.597        4.014            0      298.576      188.019      174.195
      449        0.767        4.031            0      301.184      202.962      173.216
      450        0.740        4.047            0      300.073      193.606      172.835
      451        0.619        4.037            0      300.457      209.617      179.938
      452        0.857        3.963            0      297.170      177.595      172.483
      453        0.651        3.980            0      296.799      178.606      174.315
      454        0.758        4.057            0      300.443      184.721      174.258
      455        0.645        4.020            0      298.263      184.660      170.810
      456        0.873        3.970            0      298.304      181.194      166.354
      457        0.755        4.011            0      298.755      168.781      173.955
      458        0.736        4.033            0      299.344      165.217      171.054
      459        0.817        4.013            0      299.258      157.332      178.457
      460        0.841        4.024            0      298.974      141.915      167.951
      461        0.699        3.988            0      296.788      175.019      173.615
      462        0.562        4.070            0      299.167      184.673      167.032
      463        0.851        3.962            0      299.110      175.505      171.006
      464        0.883        4.045            0      300.822      171.228      176.139
      465        0.838        4.032            0      299.066      186.129      171.180
      466        0.746        4.020            0      298.724      160.978      170.102
      467        0.505        4.022            0      299.502      186.813      169.628
      468        0.854        3.927            0      295.651      190.651      171.973
      469        0.758        4.064            0      302.220      179.666      176.059
      470        0.799        4.033            0      299.941      184.340      169.294
      471        0.565        4.041            0      299.398      173.306      178.203
      472        0.744        3.964            0      296.937      177.284      175.802
      473        0.744        4.012            0      299.239      181.600      181.930
      474        0.909        3.980            0      300.150      186.788      178.598
      475        0.626        4.047            0      299.924      184.896      174.020
      476        0.708        4.055            0      299.005      201.946      167.864
      477        0.829        3.997            0      298.494      180.329      173.425
      478        0.737        4.002            0      298.355      204.609      176.131
      479        0.661        3.977            0      295.871      194.382      171.853
      480        0.608        4.068            0      301.491      190.948      178.415
      481        0.622        4.009            0      297.485      170.464      175.803
      482        0.885        4.005            0      299.253      190.681      175.616
      483        0.632        4.007            0      299.670      188.315      174.159
      484        0.370        4.052            0      300.196      171.554      169.639
      485        0.857        3.989            0      299.540      168.991      175.075
      486        0.893        3.977            0      297.442      187.945      168.664
      487        0.833        3.995            0      298.338      179.798      171.052
      488        0.908        3.948            0      296.637      181.368      178.179
      489        0.884        4.013            0      299.756      211.566      174.647
      490        0.728        3.980            0      296.758      199.200      174.740
      491        0.902        3.948            0      295.550      191.994      170.461
      492        0.831        3.986            0      298.437      270.470      173.027
      493        0.575        4.021            0      296.446      237.836      165.923
      494        0.555        3.937            0      295.712      227.927      173.572
      495        0.595        3.995            0      297.606      268.523      173.018
      496        0.517        3.947            0      296.181      246.500      171.697
      497        0.415        4.054            0      299.754      264.271      167.076
      498        0.857        4.013            0      298.539      202.226      169.713
      499        0.429        4.025            0      298.994      204.336      168.511
      500        0.628        4.024            0      297.988      210.074      174.214
      501        0.619        4.038            0      300.053      228.045      172.907
      502        0.604        3.982            0      297.522      193.979      173.687
      503        0.670        3.993            0      300.194      205.544      177.528
      504        0.710        4.028            0      300.306      189.209      170.503
      505        0.860        3.984            0      299.801      200.978      174.466
      506        1.050        3.957            0      299.639      198.810      170.540
      507        0.693        4.054            0      300.933      192.727      173.452
      508        0.726        4.047            0      299.551      213.386      170.707
      509        0.865        3.979            0      298.048      188.632      176.839
      510        0.821        4.006            0      297.847      167.086      173.650
      511        0.919        3.981            0      298.362      185.563      172.637
      512        0.739        4.018            0      299.255      188.674      172.237
      513        0.667        3.961            0      296.022      183.048      167.357
      514        0.777        3.981            0      298.629      177.231      176.791
      515        0.671        3.971            0      296.346      181.046      172.450
      516        0.789        4.032            0      297.956      161.361      172.656
      517        0.661        4.068            0      301.960      180.199      178.015
      518        0.615        4.054            0      298.472      185.129      169.829
      519        0.737        3.957            0      296.071      168.187      177.907
      520        0.698        3.994            0      297.830      179.300      169.710
      521        0.777        4.000            0      296.076      179.370      170.275
      522        0.753        4.058            0      298.576      186.801      171.840
      523        0.869        4.024            0      300.099      196.130      175.856
      524        0.750        3.996            0      298.000      181.582      168.654
      525        0.654        4.026            0      298.190      177.505      171.522
      526        0.738        4.001            0      299.112      199.468      175.118
      527        0.865        3.965            0      296.750      205.691      166.131
      528        0.720        4.037            0      300.899      194.519      174.799
      529        0.660        4.053            0      299.077      184.638      172.688
      530        0.643        4.064            0      301.488      169.964      173.565
      531        0.862        3.984            0      297.532      178.861      171.083
      532        0.476        4.004            0      297.284      205.057      169.935
      533        0.744        4.012            0      298.663      190.464      173.534
      534        0.604        4.031            0      298.943      177.864      171.101
      535        0.678        4.020            0      298.968      195.295      174.442
      536        0.779        3.994            0      297.616      226.853      168.200
      537        0.820        4.024            0      299.680      212.111      171.934
      538        0.642        4.009            0      299.428      230.031      172.349
      539        0.689        4.018            0      297.689      230.766      168.985
      540        0.288        4.042            0      297.335      215.594      161.770
      541        0.512        4.007            0      295.383      210.263      167.035
      542        0.267        4.033            0      298.110      211.457      166.546
      543        0.516        4.006            0      296.673      217.992      166.648
      544        0.361        4.038            0      298.093      220.629      169.250
      545        0.795        4.047            0      299.235      203.753      169.475
      546        0.741        4.003            0      298.868      224.615      174.567
      547        0.315        4.054            0      296.613      228.213      165.969
      548        0.571        3.991            0      298.045      221.748      173.327
      549        0.664        3.998            0      297.742      217.246      174.073
      550        0.773        4.017            0      298.210      206.442      172.713
      551        0.620        4.066            0      300.774      224.038      171.057
      552        0.803        4.008            0      299.349      208.921      175.365
      553        0.726        3.994            0      297.278      190.757      174.093
      554        0.700        4.028            0      298.165      198.109      167.205
      555        0.745        4.014            0      299.639      205.835      172.599
      556        0.779        3.990            0      298.196      187.169      173.100
      557        0.813        3.991            0      299.926      201.028      177.046
      558        0.747        4.021            0      299.962      212.402      174.922
      559        0.617        4.057            0      300.753      223.521      172.784
      560        0.918        3.962            0      295.799      182.889      165.399
      561        0.866        3.926            0      295.974      173.821      167.614
      562        0.906        4.010            0      299.374      196.022      169.146
      563        0.746        4.014            0      301.010      210.476      175.052
      564        0.567        4.033            0      297.976      235.510      168.933
      565        0.566        4.076            0      301.294      220.572      163.854
      566        0.228        3.993            0      296.838      221.379      165.575
      567        0.682        4.026            0      299.599      191.130      175.234
      568        0.680        3.994            0      298.013      188.855      174.020
      569        0.769        4.009            0      298.026      183.721      166.728
      570        0.627        4.057            0      301.577      203.448      177.729
      571        0.741        4.007            0      298.959      215.171      176.367
      572        0.698        4.030            0      299.597      175.976      175.192
      573        0.859        3.995            0      299.738      188.069      173.352
      574        0.699        4.059            0      301.459      217.702      175.030
      575        0.550        4.035            0      299.499      183.668      174.293
      576        0.607        4.006            0      299.206      187.624      171.697
      577        0.600        4.017            0      298.262      212.333      172.479
      578        0.799        4.003            0      299.255      205.465      178.023
      579        0.919        3.958            0      299.916      204.771      174.913
      580        0.926        3.954            0      297.407      209.498      173.742
      581        0.786        4.031            0      299.045      176.919      172.301
      582        0.947        3.984            0      298.031      179.782      165.845
      583        0.888        3.943            0      298.148      221.320      173.693
      584        0.824        3.980            0      299.131      216.897      177.577
      585        0.683        3.978            0      298.155      223.671      172.142
      586        0.642        4.022            0      298.595      229.459      175.194
      587        0.928        3.999            0      299.486      197.214      176.923
      588        0.750        4.022            0      299.997      207.189      174.149
      589        0.917        3.925            0      295.984      193.832      170.614
      590        0.746        3.981            0      298.900      200.267      173.729
      591        0.926        4.002            0      299.738      215.414      176.232
      592        0.964        4.004            0      299.899      197.903      178.590
      593        0.814        4.014            0      299.308      199.818      174.390
      594        0.771        4.012            0      299.254      190.830      175.095
      595        0.549        4.003            0      297.940      202.999      170.875
      596        0.831        3.989            0      299.219      216.611      176.482
      597        0.850        3.985            0      299.424      195.392      171.083
      598        0.796        4.024            0      299.211      220.177      173.213
      599        0.339        3.975            0      296.989      196.675      169.390
      600        0.363        4.023            0      295.971      194.906      162.544
      601        0.527        3.947            0      294.135      192.881      154.743
      602        0.675        4.012            0      298.096      214.176      173.572
      603        0.439        4.012            0      296.691      219.533      166.428
      604        0.699        4.042            0      298.617      231.906      174.280
      605        0.439        4.024            0      297.990      214.834      165.072
      606        0.796        4.007            0      299.016      214.392      173.127
      607        0.858        3.960            0      297.343      189.135      172.923
      608        0.507        3.941            0      294.300      188.984      158.617
      609        0.568        3.989            0      296.579      163.707      157.304
      610        0.532        3.968            0      296.924      193.655      157.228
      611        0.464        4.013            0      296.126      198.611      171.014
      612        0.770        4.034            0      299.646      176.691      171.261
      613        0.512        4.021            0      298.724      201.902      159.166
      614        0.255        3.999            0      295.397      201.340      157.597
      615        0.833        4.082            0      301.785      223.802      178.963
      616        0.402        4.081            0      300.651      171.129      170.540
      617        0.713        3.959            0      294.414      202.024      150.323
      618        0.542        4.021            0      297.761      198.362      164.352
      619        0.421        4.002            0      296.262      193.363      165.091
      620        0.481        4.064            0      299.497      192.559      172.756
      621        0.530        3.985            0      294.603      178.698      155.678
      622        0.417        3.982            0      296.658      191.534      158.291
      623        0.458        4.018            0      296.540      187.177      158.473
      624        0.336        4.042            0      298.551      209.572      166.333
      625        0.827        3.990            0      299.119      213.986      174.960
      626        0.413        3.971            0      295.221      193.728      162.633
      627        0.757        3.999            0      297.669      193.943      166.061
      628        0.787        4.027            0      299.157      178.792      169.673
      629        0.783        3.997            0      299.090      201.601      176.010
      630        0.944        3.948            0      296.031      196.435      170.190
      631        0.667        4.012            0      300.662      211.610      176.446
      632        0.516        3.957            0      294.978      204.207      158.671
      633        0.444        4.053            0      298.004      223.896      160.448
      634        0.606        3.974            0      294.974      189.432      159.528
      635        0.210        4.016            0      296.049      187.737      164.655
      636        0.351        4.007            0      296.789      187.483      164.900
      637        0.350        4.018            0      296.929      195.475      160.913
      638        0.446        4.022            0      297.111      232.647      157.977
      639        0.695        4.020            0      297.750      213.730      171.291
      640        0.484        4.044            0      297.783      202.032      170.691
      641        0.602        4.013            0      298.186      167.405      174.034
      642        0.396        4.029            0      299.509      207.996      172.867
      643        0.290        4.032            0      296.924      192.877      168.002
      644        0.512        4.062            0      300.747      214.880      175.319
      645        0.844        3.979            0      297.161      217.667      175.806
      646        0.701        4.047            0      299.845      197.072      173.987
      647        0.559        3.985            0      296.918      200.867      175.712
      648        0.767        3.963            0      296.548      187.425      174.724
      649        0.594        4.011            0      296.727      209.196      170.720
      650        0.702        4.034            0      301.052      205.861      176.453
      651        0.218        4.041            0      296.854      254.442      163.017
      652        0.619        4.012            0      298.099      200.583      177.084
      653        0.247        4.040            0      297.636      196.741      159.373
      654        0.701        3.984            0      298.076      220.660      176.991
      655        0.894        3.927            0      296.539      215.826      177.914
      656        0.898        3.992            0      298.978      201.358      172.611
      657        0.889        4.009            0      300.521      205.992      173.935
      658        0.433        4.001            0      296.551      202.701      168.227
      659        0.829        3.989            0      298.424      206.375      172.280
      660        0.382        4.021            0      298.416      224.892      171.754
      661        0.693        3.997            0      298.800      204.733      177.156
      662        0.669        3.987            0      296.222      198.611      170.572
      663        0.825        3.987            0      299.130      194.204      174.355
      664        0.637        4.017            0      298.936      202.546      175.034
      665        0.749        4.040            0      299.508      193.442      172.466
      666        0.768        3.991            0      297.696      216.213      168.172
      667        0.262        4.026            0      296.276      208.729      160.457
      668        0.800        4.066            0      300.657      202.830      171.382
      669        0.795        3.988            0      299.051      202.051      173.321
      670        0.918        3.963            0      298.180      195.444      174.104
      671        0.850        4.017            0      299.382      209.532      176.276
      672        0.475        4.116            0      302.916      194.661      169.672
      673        0.646        4.054            0      298.585      194.135      166.334
      674        0.420        3.986            0      296.355      201.164      167.462
      675        0.610        4.041            0      299.785      205.755      166.199
      676        0.734        4.011            0      297.598      207.892      171.849
      677        0.560        4.029            0      297.973      218.978      173.477
      678        0.484        4.031            0      299.155      207.087      171.170
      679        0.715        4.000            0      297.801      235.515      175.237
      680        0.362        4.015            0      296.113      228.824      159.276
      681        0.197        4.028            0      297.043      222.878      163.760
      682        0.589        4.017            0      297.405      190.202      169.308
      683        0.691        4.020            0      299.029      184.739      170.344
      684        0.742        4.012            0      298.886      210.014      168.573
      685        0.718        4.008            0      298.506      188.480      169.958
      686        0.902        3.968            0      298.390      174.227      172.556
      687        0.775        4.033            0      299.432      181.744      176.249
      688        0.815        4.042            0      301.908      173.364      171.035
      689        0.781        4.005            0      298.372      174.703      172.849
      690        0.808        4.004            0      297.461      164.604      170.733
      691        0.839        3.974            0      297.092      172.444      173.296
      692        0.950        3.986            0      299.185      205.192      167.439
      693        0.885        3.999            0      299.180      192.501      169.817
      694        0.840        3.976            0      298.814      196.921      166.181
      695        0.488        4.009            0      298.583      203.225      171.163
      696        0.582        4.001            0      297.638      190.791      172.516
      697        0.758        4.008            0      299.687      206.034      172.631
      698        0.542        3.982            0      296.622      199.309      171.073
      699        0.938        4.015            0      300.338      175.586      173.204
      700        0.840        3.993            0      298.404      186.479      173.170
      701        0.918        4.000            0      298.615      169.247      176.028
      702        0.950        3.975            0      298.262      172.123      169.261
      703        0.772        4.033            0      300.282      179.271      171.694
      704        0.728        4.074            0      302.414      183.946      169.786
      705        0.899        3.968            0      298.463      207.538      175.726
      706        0.801        3.970            0      298.270      189.124      171.155
      707        0.688        4.007            0      298.941      166.932      174.009
      708        0.751        4.046            0      301.809      187.909      176.221
      709        0.923        3.964            0      297.373      201.552      179.884
      710        0.889        4.002            0      299.443      194.564      173.723
      711        0.742        4.029            0      298.774      190.738      175.240
      712        0.826        4.030            0      299.787      158.959      171.137
      713        0.630        4.028            0      298.997      189.769      170.300
      714        0.812        4.010            0      300.259      179.907      176.210
      715        0.780        3.970            0      296.253      171.713      167.507
      716        0.836        3.994            0      297.309      186.064      169.318
      717        0.932        3.996            0      299.193      220.320      174.805
      718        0.674        4.021            0      298.760      204.758      173.736
      719        0.703        4.025            0      300.102      242.810      174.806
      720        0.850        3.951            0      296.769      171.498      173.960
      721        0.923        3.976            0      297.993      198.243      169.008
      722        0.872        4.012            0      299.144      201.160      173.685
      723        0.817        3.972            0      297.644      184.666      170.814
      724        0.892        3.987            0      298.559      185.057      170.926
      725        0.874        4.029            0      301.126      184.642      175.548
      726        0.736        4.005            0      299.324      168.720      175.081
      727        0.739        4.008            0      298.129      183.916      172.058
      728        0.687        3.990            0      297.761      206.321      173.815
      729        0.790        4.004            0      298.900      193.584      171.858
      730        0.619        4.042            0      299.640      192.331      173.934
      731        0.844        3.969            0      297.031      184.136      172.379
      732        0.823        3.992            0      298.755      198.803      168.678
      733        0.806        4.039            0      299.236      203.221      169.298
      734        0.756        4.043            0      299.162      196.829      169.926
      735        0.823        3.987            0      299.030      198.306      166.340
      736        0.857        4.027            0      299.140      205.578      172.067
      737        0.533        4.050            0      300.173      200.288      169.215
      738        0.764        4.019            0      298.786      205.478      170.089
      739        0.902        3.965            0      296.178      182.063      162.697
      740        0.699        4.027            0      301.140      188.330      174.621
      741        0.833        4.007            0      298.158      198.558      167.266
      742        0.726        4.020            0      298.405      203.380      169.161
      743        0.866        3.985            0      297.299      191.987      167.994
      744        0.697        4.092            0      302.619      217.932      170.697
      745        0.797        4.024            0      299.732      224.571      167.779
      746        0.756        4.028            0      300.737      183.834      171.428
      747        0.817        4.006            0      298.886      192.047      169.380
      748        0.793        3.975            0      296.267      169.580      165.630
      749        0.756        4.014            0      296.373      184.913      166.635
      750        0.916        3.987            0      297.812      169.551      172.730
      751        0.687        3.985            0      297.161      153.811      166.919
      752        0.872        3.958            0      297.502      190.166      172.315
      753        0.737        4.034            0      298.365      148.234      170.698
      754        0.790        4.042            0      300.671      141.790      173.300
      755        0.891        4.022            0      300.582      166.367      176.045
      756        0.741        4.026            0      298.914      128.114      171.078
      757        0.738        4.044            0      299.191      192.832      163.591
      758        0.767        4.062            0      300.345      176.264      171.101
      759        0.730        4.003            0      296.232      172.920      162.631
      760        0.840        3.987            0      296.891      155.659      172.329
      761        0.726        3.973            0      297.127      181.426      173.472
      762        0.762        3.970            0      298.336      182.157      173.452
      763        0.819        3.973            0      296.345      224.574      168.106
      764        0.858        4.000            0      299.076      235.329      174.841
      765        0.687        4.040            0      298.389      165.954      171.241
      766        0.851        3.967            0      296.698      217.365      165.821
      767        0.667        4.036            0      299.196      206.254      171.824
      768        0.895        3.984            0      296.520      167.223      165.127
      769        0.454        4.057            0      298.829      174.289      164.054
      770        0.806        3.994            0      298.328      150.009      177.139
      771        0.817        3.995            0      298.793      166.827      170.820
      772        0.927        3.956            0      297.588      147.768      172.478
      773        0.754        4.017            0      298.860      187.506      168.360
      774        0.740        4.004            0      298.539      172.714      174.411
      775        0.747        4.015            0      298.718      180.789      175.024
      776        0.867        3.992            0      298.350      163.288      174.475
      777        0.814        4.037            0      300.824      172.912      165.482
      778        0.846        4.007            0      297.396      194.317      168.901
      779        0.884        4.016            0      300.080      155.553      172.503
      780        0.794        4.019            0      299.224      143.249      176.604
      781        0.809        3.992            0      298.382      118.421      166.733
      782        0.739        4.042            0      300.331      164.345      177.956
      783        0.910        3.960            0      296.375      196.525      168.896
      784        0.762        4.028            0      297.253      160.167      174.375
      785        0.740        4.024            0      299.273      194.398      172.624
      786        0.750        4.011            0      299.227      195.370      173.777
      787        0.669        4.067            0      300.222      168.268      168.665
      788        0.702        3.998            0      297.233      165.125      174.440
      789        0.464        4.053            0      299.614      177.069      169.409
      790        0.815        3.992            0      297.730      173.859      172.254
      791        0.695        4.053            0      301.747      163.415      177.557
      792        0.660        4.077            0      301.331      177.225      171.255
      793        0.515        4.049            0      298.513      183.276      167.575
      794        0.727        3.998            0      297.984      175.233      168.662
      795        0.627        4.033            0      299.448      164.753      170.868
      796        0.555        4.047            0      298.643      184.417      167.587
      797        0.931        3.991            0      298.220      186.444      175.423
      798        0.690        4.013            0      300.546      162.450      176.406
      799        0.851        3.986            0      297.214      186.116      169.854
      800        0.812        4.021            0      300.316      175.396      175.300
      801        0.747        4.020            0      298.340      141.941      167.836
      802        0.850        4.039            0      300.308      183.532      165.886
      803        0.786        4.053            0      301.863      149.321      175.330
      804        0.795        3.985            0      299.244      127.937      176.376
      805        0.825        3.977            0      297.125      164.917      171.947
      806        0.781        3.992            0      297.268      169.588      168.743
      807        0.595        4.086            0      300.432      191.928      170.992
      808        0.725        4.057            0      299.819      181.455      175.517
      809        0.779        3.993            0      296.734      172.776      171.767
      810        0.816        3.982            0      297.377      160.255      171.693
      811        0.822        3.993            0      298.440      139.362      173.073
      812        0.776        4.030            0      298.563      150.741      173.025
      813        0.698        4.035            0      300.050      134.608      168.200
      814        0.672        4.057            0      299.687      138.205      174.686
      815        0.838        4.012            0      299.219      145.219      179.731
      816        0.677        4.006            0      297.959      142.130      170.889
      817        0.792        4.051            0      300.037      149.261      175.758
      818        0.769        3.984            0      296.381      134.274      168.241
      819        0.632        4.039            0      298.989      158.343      170.275
      820        0.807        3.994            0      297.704      166.731      173.696
      821        0.857        3.966            0      296.161      137.491      171.766
      822        0.828        4.019            0      299.701      127.974      174.452
      823        0.761        4.034            0      299.782      147.908      172.242
      824        0.807        4.022            0      300.705      150.802      176.186
      825        0.754        4.028            0      299.035      169.020      168.445
      826        0.748        3.994            0      297.483      139.323      170.955
      827        0.769        3.998            0      296.932      149.686      172.866
      828        0.690        3.994            0      297.633      167.763      175.415
      829        0.820        3.951            0      296.826      154.075      177.059
      830        0.863        3.982            0      298.680      175.799      177.472
      831        0.844        4.007            0      298.889      186.714      171.886
      832        0.580        4.030            0      297.671      207.245      166.216
      833        0.563        4.009            0      299.829      172.505      173.492
      834        0.528        4.032            0      300.107      195.883      172.555
      835        0.577        4.059            0      300.795      176.177      174.146
      836        0.750        4.002            0      300.357      200.171      174.003
      837        0.607        3.995            0      297.998      190.667      173.350
      838        0.674        3.998            0      297.184      182.908      177.021
      839        0.791        3.981            0      298.164      190.059      171.683
      840        0.867        3.949            0      297.358      181.502      176.345
      841        0.818        4.040            0      298.730      167.470      166.684
      842        0.758        4.029            0      299.134      166.659      172.851
      843        0.733        3.992            0      296.909      175.975      169.968
      844        0.937        3.989            0      299.830      166.890      174.769
      845        0.453        4.068            0      300.756      162.050      171.626
      846        0.792        3.986            0      296.662      228.751      173.218
      847        0.786        3.977            0      299.318      235.798      177.569
      848        0.580        3.994            0      298.581      217.836      173.248
      849        0.697        4.014            0      297.420      182.418      168.281
      850        0.820        3.959            0      298.750      134.134      179.168
      851        0.630        4.008            0      298.017      137.998      172.380
      852        0.791        3.961            0      298.251       90.108      172.217
      853        0.769        4.034            0      300.973      109.314      181.267
      854        0.874        4.004            0      298.791      101.018      181.178
      855        0.858        4.022            0      299.587      117.324      179.830
      856        0.812        3.992            0      298.725       74.021      177.004
      857        0.757        4.035            0      300.377       85.841      178.441
      858        0.632        4.040            0      299.866      100.811      174.792
      859        0.837        3.978            0      297.491      120.781      173.423
      860        0.904        3.980            0      298.922       86.891      176.882
      861        0.665        4.059            0      299.859      149.487      177.612
      862        0.800        4.019            0      300.631      123.371      181.863
      863        0.749        4.028            0      299.902      108.035      174.180
      864        0.781        3.964            0      297.571      108.589      178.927
      865        0.808        3.992            0      296.734      109.335      171.779
      866        0.722        4.038            0      298.489       84.699      177.701
      867        0.548        4.037            0      299.288      113.126      177.758
      868        0.675        4.007            0      298.475      113.432      175.758
      869        0.960        3.993            0      298.402      131.106      173.678
      870        0.709        4.032            0      298.959      140.853      176.928
      871        0.650        4.010            0      297.448      123.607      172.134
      872        0.875        3.965            0      299.453      151.811      177.240
      873        0.760        3.975            0      296.485      133.134      174.484
      874        0.934        3.957            0      297.892      156.893      173.976
      875        0.857        3.976            0      298.316      192.922      179.799
      876        0.880        4.007            0      301.083      137.034      178.950
      877        0.891        3.969            0      297.478      121.575      176.634
      878        0.801        3.951            0      298.758      131.984      182.814
      879        0.908        3.971            0      297.952       92.617      173.757
      880        0.935        3.955            0      297.640       83.466      179.559
      881        0.574        4.001            0      299.598      103.732      176.315
      882        0.838        3.945            0      297.717       99.082      176.162
      883        0.728        4.038            0      300.546      127.097      175.824
      884        0.714        3.996            0      299.916       96.204      180.744
      885        0.779        4.012            0      301.967       98.304      173.794
      886        0.777        3.972            0      299.692      105.724      181.927
      887        0.791        3.997            0      298.471      110.282      180.434
      888        0.827        3.952            0      299.514      101.698      177.322
      889        0.955        3.949            0      298.942      107.907      176.499
      890        0.756        4.012            0      299.610       95.816      177.358
      891        0.965        3.950            0      298.948      106.549      177.949
      892        0.748        3.989            0      299.033      104.801      179.586
      893        0.833        3.994            0      299.435      127.207      174.921
      894        0.775        3.999            0      299.494       96.722      179.110
      895        0.876        3.964            0      297.657      117.275      174.370
      896        0.769        3.986            0      298.648      186.783      171.165
      897        0.513        4.031            0      300.851      131.834      176.533
      898        0.845        4.009            0      299.821      122.833      177.503
      899        1.189        3.937            0      298.582       97.630      172.700
      900        0.807        3.976            0      299.525      115.582      181.497
      901        0.565        4.049            0      299.235      131.508      174.314
      902        0.847        3.913            0      296.699       97.324      177.276
      903        0.844        3.966            0      298.473      101.090      177.291
      904        1.006        3.914            0      297.379       93.615      176.167
      905        0.788        4.021            0      299.745      129.315      177.565
      906        0.808        3.984            0      298.256       94.253      175.879
      907        0.873        4.014            0      301.607      124.691      176.658
      908        0.792        3.924            0      297.207      124.802      175.458
      909        0.654        3.990            0      299.057      115.511      175.828
      910        0.829        3.961            0      298.840      120.415      177.339
      911        0.650        3.991            0      298.610      158.659      173.349
      912        0.883        4.038            0      301.051      155.059      174.262
      913        0.907        3.982            0      299.158       94.744      175.728
      914        0.979        3.967            0      299.237      110.489      174.113
      915        0.924        3.974            0      298.106      137.347      176.230
      916        0.747        3.999            0      299.800      126.221      176.761
      917        0.781        4.029            0      300.014      131.883      177.377
      918        0.750        4.028            0      300.012      107.484      176.516
      919        0.733        3.999            0      299.563      129.786      178.609
      920        0.919        3.931            0      298.466      123.620      178.613
      921        0.511        4.020            0      300.031      121.005      174.508
      922        0.911        3.955            0      298.557      111.131      179.654
      923        0.982        3.935            0      299.020       92.646      180.021
      924        0.825        3.968            0      300.488      154.963      179.666
      925        0.859        3.976            0      298.286      147.848      179.208
      926        0.840        3.988            0      301.120      124.048      180.358
      927        0.559        4.025            0      298.399      113.634      175.626
      928        0.763        4.035            0      301.070      140.582      178.536
      929        0.971        3.955            0      297.365      113.804      176.932
      930        0.775        3.982            0      297.599      105.923      176.465
      931        0.782        3.999            0      299.654      126.968      176.835
      932        0.930        3.958            0      298.290      115.772      178.767
      933        1.082        3.964            0      297.144      139.065      174.849
      934        0.700        3.998            0      297.947      168.277      174.546
      935        0.696        4.052            0      298.474      166.508      174.797
      936        0.761        3.962            0      297.953      131.864      179.268
      937        0.765        4.023            0      298.979      123.868      174.596
      938        0.657        3.956            0      297.807      131.140      172.577
      939        0.483        4.023            0      297.981      147.077      172.219
      940        0.766        3.984            0      298.377      130.601      179.650
      941        0.703        3.998            0      300.389      125.471      177.058
      942        0.719        4.009            0      298.011      162.857      178.069
      943        0.621        3.978            0      296.566      138.672      176.354
      944        0.767        3.987            0      298.217      123.081      175.264
      945        0.691        3.941            0      297.126      157.160      178.448
      946        0.328        4.041            0      298.354      131.077      170.697
      947        0.668        3.974            0      296.878      127.948      180.988
      948        0.427        4.049            0      300.363      121.766      172.746
      949        0.715        4.009            0      299.976      135.299      180.098
      950        0.807        4.040            0      298.975      142.388      173.749
      951        0.676        4.086            0      300.948      140.609      174.084
      952        0.732        4.048            0      299.852      132.734      177.131
      953        0.389        4.016            0      299.567      148.576      172.806
      954        0.567        4.009            0      298.471      143.720      171.430
      955        0.839        3.975            0      300.268      144.392      176.921
      956        0.621        4.002            0      300.197      113.682      174.462
      957        0.599        4.023            0      297.753      119.482      172.168
      958        0.756        4.000            0      298.957      139.984      174.229
      959        0.608        4.073            0      300.583      126.424      173.314
      960        0.779        4.021            0      300.376      133.402      176.750
      961        0.709        3.992            0      296.640      111.998      173.529
      962        0.789        3.996            0      298.818      172.316      172.379
      963        0.707        4.037            0      300.835      168.473      179.016
      964        0.721        4.055            0      301.116      155.554      175.298
      965        0.605        3.991            0      296.079      168.354      172.854
      966        0.754        4.042            0      299.986      171.296      175.973
      967        0.740        3.980            0      297.936      155.234      173.864
      968        0.975        3.979            0      298.522      149.385      176.558
      969        0.655        4.023            0      299.121      196.044      173.419
      970        0.705        4.034            0      299.151      195.127      172.960
      971        0.902        3.961            0      297.383      164.384      171.874
      972        0.922        3.972            0      299.868      184.555      178.158
      973        0.825        4.022            0      299.131      143.159      177.140
      974        0.705        4.009            0      299.605      217.941      181.842
      975        0.487        3.990            0      297.662      185.954      174.192
      976        0.919        3.953            0      297.779      140.023      176.923
      977        0.835        3.980            0      301.193      192.174      181.635
      978        0.809        4.032            0      300.114      206.615      175.787
      979        0.757        4.040            0      300.136      164.074      174.299
      980        0.870        3.998            0      299.242      181.340      169.547
      981        0.845        3.942            0      295.976      154.112      174.546
      982        0.596        4.049            0      299.115      186.587      173.526
      983        0.904        4.016            0      299.399      192.415      172.699
      984        0.788        4.011            0      298.050      173.474      169.513
      985        0.739        3.997            0      297.850      182.197      175.601
      986        0.701        4.023            0      298.925      187.303      171.884
      987        0.736        4.025            0      298.617      171.718      170.093
      988        0.738        4.016            0      299.038      162.945      171.569
      989        0.419        4.061            0      299.338      152.020      172.005
      990        0.564        4.067            0      299.618      215.158      169.275
      991        0.856        3.949            0      297.745      189.560      176.684
      992        0.652        4.012            0      298.809      174.214      167.878
      993        0.764        3.993            0      299.329      189.559      181.044
      994        0.911        3.976            0      298.602      193.571      172.315
      995        0.752        4.011            0      299.878      204.529      172.154
      996        0.636        4.000            0      299.259      171.778      174.386
      997        0.834        4.025            0      301.243      201.547      171.536
      998        0.760        3.982            0      298.260      178.346      173.719
      999        0.855        4.006            0      298.484      172.471      172.127
     1000        0.839        4.023            0      300.554      191.699      173.129
